---=== BEST ALGO: 100 moves, 100 boards ===---

['getGreedyFullVisionMove', [(58, 142, 81781.0, 90433.0), (51, 149, 80296.0, 91311.0), (53, 147, 80785.0, 90750.0), (51, 149, 81256.0, 90815.0), (54, 146, 80938.0, 89754.0), (63, 137, 80494.0, 88343.0), (75, 125, 80240.0, 85050.0), (70, 130, 79873.0, 84833.0), (83, 117, 99377.0, 104392.0), (80, 120, 100508.0, 106444.0), (80, 120, 101642.0, 106512.0), (66, 134, 98678.0, 107217.0), (61, 139, 97938.0, 108899.0), (51, 149, 97161.0, 109699.0), (66, 134, 96798.0, 107172.0), (58, 142, 94215.0, 107101.0), (100, 100, 70196.0, 70196.0), (84, 116, 99547.0, 104911.0), (77, 123, 100188.0, 106392.0), (80, 120, 99446.0, 104247.0), (82, 118, 94318.0, 98905.0), (82, 118, 86462.0, 92465.0), (83, 117, 80999.0, 84843.0), (78, 122, 76041.0, 78929.0), (90, 110, 72303.0, 73206.0), (100, 100, 70196.0, 70211.0)]]
['getBestAlgorithmCascadeMove', [(100, 100, 90229.0, 90852.0), (115, 85, 91791.0, 91003.0), (109, 91, 91343.0, 91056.0), (111, 89, 91599.0, 90681.0), (118, 82, 92517.0, 90126.0), (123, 77, 92553.0, 89228.0), (131, 69, 92740.0, 88016.0), (139, 61, 108808.0, 99109.0), (142, 58, 109308.0, 98789.0), (132, 68, 108311.0, 100622.0), (129, 71, 107607.0, 102704.0), (130, 70, 107458.0, 102156.0), (123, 77, 106389.0, 100898.0), (115, 85, 106098.0, 102323.0), (106, 94, 103591.0, 104071.0), (142, 58, 90426.0, 81788.0), (136, 64, 108651.0, 98959.0), (134, 66, 108358.0, 99540.0), (129, 71, 107932.0, 101582.0), (140, 60, 106860.0, 99226.0), (140, 60, 102012.0, 95315.0), (136, 64, 97829.0, 90469.0), (143, 57, 95730.0, 85453.0), (144, 56, 91521.0, 81978.0), (142, 58, 90425.0, 81804.0)]]
['getBestAlgorithmCascadeMove2', [(114, 86, 90394.0, 88857.0), (108, 92, 92057.0, 91068.0), (98, 102, 90317.0, 90951.0), (113, 87, 91995.0, 89513.0), (122, 78, 92689.0, 89061.0), (126, 74, 92845.0, 88118.0), (140, 60, 108191.0, 99794.0), (135, 65, 109137.0, 100008.0), (130, 70, 109401.0, 100703.0), (126, 74, 108334.0, 102551.0), (130, 70, 107263.0, 102334.0), (129, 71, 107687.0, 100024.0), (116, 84, 104946.0, 102273.0), (110, 90, 103302.0, 102889.0), (149, 51, 91221.0, 80277.0), (140, 60, 108416.0, 99940.0), (138, 62, 108724.0, 99605.0), (131, 69, 108041.0, 100133.0), (128, 72, 105870.0, 98911.0), (141, 59, 102652.0, 94756.0), (139, 61, 98430.0, 90165.0), (146, 54, 95315.0, 84902.0), (147, 53, 91254.0, 80078.0), (149, 51, 91291.0, 80318.0)]]
['getBestAlgorithmCascadeMove3', [(100, 100, 91279.0, 90949.0), (99, 101, 92019.0, 91170.0), (109, 91, 92072.0, 90296.0), (124, 76, 94051.0, 90076.0), (119, 81, 93172.0, 88608.0), (140, 60, 108115.0, 99347.0), (125, 75, 107484.0, 100745.0), (128, 72, 107792.0, 101470.0), (120, 80, 107870.0, 102004.0), (128, 72, 106655.0, 102127.0), (124, 76, 106614.0, 101743.0), (108, 92, 103964.0, 102607.0), (102, 98, 102799.0, 103073.0), (147, 53, 90750.0, 80794.0), (137, 63, 107417.0, 99961.0), (128, 72, 107285.0, 100718.0), (122, 78, 106256.0, 100364.0), (128, 72, 104022.0, 98411.0), (135, 65, 102582.0, 94781.0), (125, 75, 97875.0, 90950.0), (139, 61, 94693.0, 85805.0), (141, 59, 90640.0, 80739.0), (147, 53, 90751.0, 80784.0)]]
['getBestAlgorithmCascadeMove4', [(101, 99, 90815.0, 89759.0), (114, 86, 91731.0, 89814.0), (122, 78, 93798.0, 89465.0), (126, 74, 92233.0, 87613.0), (136, 64, 107611.0, 100195.0), (141, 59, 108352.0, 100260.0), (126, 74, 107704.0, 101366.0), (123, 77, 107776.0, 101298.0), (135, 65, 107393.0, 101293.0), (120, 80, 106207.0, 101843.0), (109, 91, 104031.0, 103102.0), (101, 99, 102743.0, 103682.0), (149, 51, 90829.0, 81226.0), (140, 60, 107714.0, 99534.0), (135, 65, 107726.0, 100732.0), (124, 76, 107206.0, 101467.0), (132, 68, 104272.0, 97563.0), (138, 62, 102494.0, 93907.0), (134, 66, 98617.0, 90743.0), (146, 54, 94348.0, 85574.0), (142, 58, 90791.0, 80931.0), (148, 52, 90753.0, 81185.0)]]
['getBestAlgorithmCascadeMove5', [(108, 92, 90487.0, 89124.0), (121, 79, 92084.0, 88851.0), (123, 77, 91493.0, 87213.0), (131, 69, 107664.0, 100084.0), (129, 71, 107652.0, 100617.0), (132, 68, 107994.0, 101036.0), (122, 78, 107414.0, 101771.0), (125, 75, 106506.0, 102957.0), (110, 90, 105594.0, 103179.0), (103, 97, 104582.0, 102769.0), (98, 102, 101680.0, 103656.0), (146, 54, 89755.0, 80938.0), (127, 73, 107398.0, 100245.0), (129, 71, 108314.0, 100094.0), (135, 65, 107355.0, 100945.0), (122, 78, 103577.0, 98775.0), (133, 67, 100225.0, 94284.0), (129, 71, 97806.0, 91921.0), (139, 61, 95025.0, 87721.0), (142, 58, 90544.0, 81006.0), (146, 54, 89745.0, 80948.0)]]
['getBestAlgorithmCascadeMove8', [(117, 83, 90355.0, 87478.0), (112, 88, 89054.0, 86634.0), (132, 68, 107036.0, 100467.0), (126, 74, 107169.0, 101093.0), (119, 81, 106793.0, 101987.0), (112, 88, 105337.0, 103374.0), (116, 84, 106064.0, 103132.0), (101, 99, 104531.0, 103872.0), (102, 98, 103414.0, 102963.0), (95, 105, 100731.0, 104032.0), (136, 64, 88332.0, 80493.0), (132, 68, 107360.0, 100352.0), (125, 75, 106710.0, 101174.0), (116, 84, 105367.0, 101835.0), (118, 82, 102664.0, 98140.0), (127, 73, 99789.0, 94100.0), (129, 71, 96201.0, 90838.0), (132, 68, 92815.0, 85393.0), (141, 59, 88925.0, 80735.0), (136, 64, 88351.0, 80493.0)]]
['getBestAlgorithmCascadeMove10', [(102, 98, 87649.0, 87581.0), (122, 78, 105740.0, 100944.0), (110, 90, 105106.0, 102650.0), (113, 87, 105765.0, 103286.0), (105, 95, 104759.0, 103744.0), (114, 86, 105042.0, 103679.0), (103, 97, 103691.0, 104709.0), (101, 99, 102667.0, 103916.0), (94, 106, 100068.0, 103976.0), (125, 75, 85051.0, 80207.0), (118, 82, 105544.0, 101384.0), (115, 85, 105576.0, 102061.0), (115, 85, 105100.0, 103360.0), (106, 94, 101133.0, 99356.0), (120, 80, 99203.0, 95407.0), (113, 87, 94680.0, 91193.0), (128, 72, 90157.0, 84504.0), (137, 63, 85850.0, 80307.0), (125, 75, 85049.0, 80223.0)]]
['getBestAlgorithmCascadeMove13', [(102, 98, 103042.0, 102440.0), (102, 98, 103449.0, 103767.0), (105, 95, 104581.0, 104528.0), (96, 104, 103608.0, 104567.0), (97, 103, 103020.0, 105042.0), (97, 103, 102975.0, 105867.0), (92, 108, 101212.0, 104742.0), (84, 116, 99303.0, 104264.0), (130, 70, 84834.0, 79873.0), (100, 100, 102704.0, 103065.0), (98, 102, 103128.0, 103706.0), (97, 103, 103258.0, 103756.0), (95, 105, 100970.0, 100134.0), (111, 89, 96297.0, 95600.0), (116, 84, 93444.0, 90160.0), (127, 73, 89573.0, 84368.0), (130, 70, 85895.0, 80697.0), (130, 70, 84850.0, 79857.0)]]
['getGreedyMoveFunction(6)', [(93, 107, 102008.0, 105700.0), (72, 128, 100528.0, 107883.0), (78, 122, 99457.0, 107432.0), (71, 129, 99727.0, 108776.0), (71, 129, 97473.0, 110616.0), (70, 130, 100321.0, 108339.0), (71, 129, 100517.0, 108370.0), (116, 84, 104973.0, 99476.0), (104, 96, 102383.0, 102270.0), (95, 105, 101897.0, 105251.0), (78, 122, 101542.0, 105839.0), (92, 108, 101435.0, 104712.0), (85, 115, 101427.0, 104994.0), (95, 105, 101537.0, 104457.0), (102, 98, 103227.0, 101613.0), (113, 87, 104528.0, 100258.0), (118, 82, 104884.0, 99760.0)]]
['getGreedyMoveFunction(7)', [(87, 113, 102954.0, 104766.0), (71, 129, 101203.0, 107076.0), (82, 118, 101875.0, 107062.0), (85, 115, 100696.0, 106705.0), (83, 117, 101448.0, 106739.0), (68, 132, 100904.0, 108330.0), (120, 80, 106376.0, 100294.0), (95, 105, 104738.0, 102473.0), (95, 105, 103825.0, 103354.0), (97, 103, 103070.0, 104845.0), (83, 117, 102062.0, 105763.0), (86, 114, 102246.0, 106175.0), (83, 117, 103385.0, 104243.0), (104, 96, 104773.0, 101833.0), (117, 83, 106146.0, 100744.0), (117, 83, 106757.0, 100432.0)]]
['getGreedyMoveFunction(8)', [(91, 109, 103008.0, 104750.0), (91, 109, 102002.0, 105251.0), (81, 119, 102053.0, 105012.0), (88, 112, 103123.0, 104983.0), (67, 133, 101416.0, 107281.0), (122, 78, 106552.0, 101572.0), (123, 77, 107486.0, 101120.0), (105, 95, 104915.0, 102510.0), (100, 100, 103083.0, 102160.0), (91, 109, 102882.0, 104173.0), (95, 105, 103455.0, 104495.0), (107, 93, 104251.0, 104247.0), (115, 85, 105913.0, 101338.0), (119, 81, 106677.0, 101356.0), (119, 81, 106285.0, 101632.0)]]
['getGreedyMoveFunction(9)', [(88, 112, 102526.0, 105522.0), (87, 113, 103042.0, 105455.0), (84, 116, 102901.0, 105957.0), (88, 112, 102974.0, 107007.0), (133, 67, 107324.0, 98867.0), (122, 78, 107699.0, 100089.0), (126, 74, 106849.0, 101390.0), (109, 91, 104947.0, 103472.0), (89, 111, 103601.0, 103435.0), (99, 101, 104535.0, 103436.0), (110, 90, 105134.0, 102883.0), (125, 75, 106909.0, 99723.0), (132, 68, 107591.0, 98972.0), (132, 68, 107343.0, 98952.0)]]
['getGreedyMoveFunction(10)', [(89, 111, 103201.0, 104903.0), (84, 116, 103029.0, 105086.0), (78, 122, 102392.0, 106030.0), (137, 63, 108920.0, 97965.0), (128, 72, 108473.0, 99652.0), (126, 74, 107389.0, 101034.0), (108, 92, 105212.0, 102385.0), (94, 106, 103904.0, 103107.0), (104, 96, 103928.0, 103136.0), (98, 102, 104370.0, 103428.0), (123, 77, 106898.0, 99356.0), (136, 64, 108084.0, 98436.0), (137, 63, 109013.0, 98013.0)]]
['getGreedyMoveFunction(11)', [(90, 110, 103748.0, 103398.0), (92, 108, 103768.0, 105268.0), (149, 51, 109615.0, 97212.0), (128, 72, 110047.0, 98462.0), (116, 84, 107219.0, 100721.0), (117, 83, 105370.0, 101495.0), (120, 80, 106695.0, 101186.0), (113, 87, 104870.0, 102369.0), (102, 98, 104993.0, 103118.0), (133, 67, 107892.0, 99831.0), (145, 55, 109039.0, 97467.0), (146, 54, 109622.0, 97343.0)]]
['getGreedyMoveFunction(12)', [(95, 105, 102417.0, 103015.0), (134, 66, 107154.0, 96889.0), (126, 74, 108689.0, 99938.0), (112, 88, 106499.0, 101616.0), (111, 89, 104652.0, 102251.0), (115, 85, 106087.0, 101561.0), (126, 74, 104333.0, 100088.0), (117, 83, 103676.0, 99984.0), (115, 85, 105076.0, 98599.0), (131, 69, 106597.0, 97097.0), (133, 67, 107114.0, 96862.0)]]
['getGreedyMoveFunction(13)', [(143, 57, 107100.0, 94288.0), (124, 76, 108021.0, 100855.0), (134, 66, 107932.0, 100990.0), (135, 65, 106940.0, 99937.0), (127, 73, 106196.0, 100733.0), (132, 68, 104144.0, 98764.0), (120, 80, 104262.0, 97820.0), (130, 70, 105523.0, 96294.0), (144, 56, 106529.0, 94741.0), (145, 55, 107148.0, 94285.0)]]
['getGreedyMoveFunction(14)', [(86, 114, 99561.0, 104513.0), (77, 123, 100239.0, 106826.0), (77, 123, 99514.0, 104170.0), (82, 118, 94365.0, 98889.0), (80, 120, 86426.0, 92658.0), (84, 116, 80968.0, 84886.0), (81, 119, 76062.0, 78937.0), (89, 111, 72315.0, 73222.0), (100, 100, 70196.0, 70209.0)]]
['getGreedyCorrectMoveFunction(6)', [(93, 107, 101964.0, 105185.0), (77, 123, 101450.0, 107075.0), (91, 109, 101252.0, 104817.0), (78, 122, 101007.0, 105335.0), (94, 106, 101599.0, 103927.0), (104, 96, 103097.0, 101860.0), (106, 94, 104278.0, 100512.0), (117, 83, 104362.0, 99566.0)]]
['getGreedyCorrectMoveFunction(7)', [(92, 108, 102261.0, 104864.0), (83, 117, 101879.0, 105440.0), (87, 113, 102609.0, 106001.0), (85, 115, 104004.0, 103865.0), (103, 97, 104675.0, 102003.0), (118, 82, 105854.0, 100836.0), (121, 79, 106613.0, 100490.0)]]
['getGreedyCorrectMoveFunction(8)', [(99, 101, 100561.0, 100225.0), (89, 111, 100347.0, 102796.0), (104, 96, 102345.0, 101354.0), (116, 84, 104349.0, 99292.0), (123, 77, 105122.0, 98492.0), (125, 75, 104120.0, 99390.0)]]
['getGreedyCorrectMoveFunction(9)', [(100, 100, 96951.0, 97256.0), (113, 87, 98426.0, 96709.0), (121, 79, 100143.0, 94563.0), (127, 73, 99894.0, 94600.0), (118, 82, 98774.0, 94390.0)]]
['getGreedyCorrectMoveFunction(10)', [(120, 80, 91248.0, 88810.0), (115, 85, 92388.0, 87679.0), (113, 87, 92657.0, 87576.0), (117, 83, 92605.0, 86328.0)]]
['getGreedyCorrectMoveFunction(11)', [(105, 95, 84147.0, 81569.0), (111, 89, 85201.0, 81440.0), (115, 85, 84773.0, 81024.0)]]
['getGreedyCorrectMoveFunction(12)', [(120, 80, 78365.0, 75497.0), (119, 81, 78843.0, 75992.0)]]
['getGreedyCorrectMoveFunction(13)', [(112, 88, 73243.0, 72305.0)]]
['getGreedyCorrectMoveFunction(14)', []]
                                      1  2  3  4  5  6  7  8  9 10 11 12 13 14 15 16 17 18 19 20 21 22 23 24 25 26 27  total
1            getGreedyFullVisionMove  X  0  0  0  0  0  0  0  0  0  0  0  0  0  0  0  0  1  0  0  0  0  0  0  0  0  1      2
2        getBestAlgorithmCascadeMove  2  X  1  2  2  2  2  2  2  2  2  2  2  2  2  2  2  2  2  2  2  2  2  2  2  2  2     51
3       getBestAlgorithmCascadeMove2  2  1  X  2  2  0  2  2  2  2  2  2  2  2  2  2  2  2  2  2  2  2  2  2  2  2  2     49
4       getBestAlgorithmCascadeMove3  2  0  0  X  1  0  2  2  2  2  2  2  2  2  2  2  2  2  2  2  2  2  2  2  2  2  2     45
5       getBestAlgorithmCascadeMove4  2  0  0  1  X  2  2  2  2  2  2  2  2  2  2  2  2  2  2  2  2  2  2  2  2  2  2     47
6       getBestAlgorithmCascadeMove5  2  0  2  2  0  X  2  2  2  2  2  2  2  2  2  2  0  2  2  2  2  2  2  2  2  2  2     46
7       getBestAlgorithmCascadeMove8  2  0  0  0  0  0  X  2  2  2  2  2  2  2  2  2  0  2  2  2  2  2  2  2  2  2  2     40
8      getBestAlgorithmCascadeMove10  2  0  0  0  0  0  0  X  2  2  2  2  2  2  2  2  0  2  2  2  2  2  2  2  2  2  2     38
9      getBestAlgorithmCascadeMove13  2  0  0  0  0  0  0  0  X  2  2  2  0  0  0  0  0  2  1  0  0  0  2  2  2  2  2     21
10          getGreedyMoveFunction(6)  2  0  0  0  0  0  0  0  0  X  0  0  0  0  0  0  0  2  2  0  0  0  0  0  2  2  2     12
11          getGreedyMoveFunction(7)  2  0  0  0  0  0  0  0  0  2  X  0  0  0  0  0  0  2  0  0  0  0  0  0  2  2  2     12
12          getGreedyMoveFunction(8)  2  0  0  0  0  0  0  0  0  2  2  X  0  0  0  0  0  2  2  2  1  0  0  2  2  2  2     21
13          getGreedyMoveFunction(9)  2  0  0  0  0  0  0  0  2  2  2  2  X  0  0  0  0  2  2  2  2  0  0  2  2  2  2     26
14         getGreedyMoveFunction(10)  2  0  0  0  0  0  0  0  2  2  2  2  2  X  0  0  0  2  2  2  2  0  2  0  2  2  2     28
15         getGreedyMoveFunction(11)  2  0  0  0  0  0  0  0  2  2  2  2  2  2  X  0  0  2  2  2  2  2  2  2  2  2  2     34
16         getGreedyMoveFunction(12)  2  0  0  0  0  0  0  0  2  2  2  2  2  2  2  X  0  2  2  2  2  2  2  2  2  2  2     36
17         getGreedyMoveFunction(13)  2  0  0  0  0  2  2  2  2  2  2  2  2  2  2  2  X  2  2  2  2  2  2  2  2  2  2     44
18         getGreedyMoveFunction(14)  1  0  0  0  0  0  0  0  0  0  0  0  0  0  0  0  0  X  0  0  0  0  0  0  0  0  1      2
19   getGreedyCorrectMoveFunction(6)  2  0  0  0  0  0  0  0  1  0  2  0  0  0  0  0  0  2  X  0  0  0  0  0  2  2  2     13
20   getGreedyCorrectMoveFunction(7)  2  0  0  0  0  0  0  0  2  2  2  0  0  0  0  0  0  2  2  X  0  0  0  0  2  2  2     18
21   getGreedyCorrectMoveFunction(8)  2  0  0  0  0  0  0  0  2  2  2  1  0  0  0  0  0  2  2  2  X  0  0  2  2  2  2     23
22   getGreedyCorrectMoveFunction(9)  2  0  0  0  0  0  0  0  2  2  2  2  2  2  0  0  0  2  2  2  2  X  1  2  2  2  2     31
23  getGreedyCorrectMoveFunction(10)  2  0  0  0  0  0  0  0  0  2  2  2  2  0  0  0  0  2  2  2  2  1  X  2  2  2  2     27
24  getGreedyCorrectMoveFunction(11)  2  0  0  0  0  0  0  0  0  2  2  0  0  2  0  0  0  2  2  2  0  0  0  X  2  2  2     20
25  getGreedyCorrectMoveFunction(12)  2  0  0  0  0  0  0  0  0  0  0  0  0  0  0  0  0  2  0  0  0  0  0  0  X  2  2      8
26  getGreedyCorrectMoveFunction(13)  2  0  0  0  0  0  0  0  0  0  0  0  0  0  0  0  0  2  0  0  0  0  0  0  0  X  2      6
27  getGreedyCorrectMoveFunction(14)  1  0  0  0  0  0  0  0  0  0  0  0  0  0  0  0  0  1  0  0  0  0  0  0  0  0  X      2
-----------------------------------------------------------------------
                                      1  2  3  4  5  6  7  8  9 10 11 12 13 14 15 16 17 18 19 20 21 22 23 24 25 26 27  total
2        getBestAlgorithmCascadeMove  2  X  1  2  2  2  2  2  2  2  2  2  2  2  2  2  2  2  2  2  2  2  2  2  2  2  2     51
3       getBestAlgorithmCascadeMove2  2  1  X  2  2  0  2  2  2  2  2  2  2  2  2  2  2  2  2  2  2  2  2  2  2  2  2     49
5       getBestAlgorithmCascadeMove4  2  0  0  1  X  2  2  2  2  2  2  2  2  2  2  2  2  2  2  2  2  2  2  2  2  2  2     47
6       getBestAlgorithmCascadeMove5  2  0  2  2  0  X  2  2  2  2  2  2  2  2  2  2  0  2  2  2  2  2  2  2  2  2  2     46
4       getBestAlgorithmCascadeMove3  2  0  0  X  1  0  2  2  2  2  2  2  2  2  2  2  2  2  2  2  2  2  2  2  2  2  2     45
17         getGreedyMoveFunction(13)  2  0  0  0  0  2  2  2  2  2  2  2  2  2  2  2  X  2  2  2  2  2  2  2  2  2  2     44
7       getBestAlgorithmCascadeMove8  2  0  0  0  0  0  X  2  2  2  2  2  2  2  2  2  0  2  2  2  2  2  2  2  2  2  2     40
8      getBestAlgorithmCascadeMove10  2  0  0  0  0  0  0  X  2  2  2  2  2  2  2  2  0  2  2  2  2  2  2  2  2  2  2     38
16         getGreedyMoveFunction(12)  2  0  0  0  0  0  0  0  2  2  2  2  2  2  2  X  0  2  2  2  2  2  2  2  2  2  2     36
15         getGreedyMoveFunction(11)  2  0  0  0  0  0  0  0  2  2  2  2  2  2  X  0  0  2  2  2  2  2  2  2  2  2  2     34
22   getGreedyCorrectMoveFunction(9)  2  0  0  0  0  0  0  0  2  2  2  2  2  2  0  0  0  2  2  2  2  X  1  2  2  2  2     31
14         getGreedyMoveFunction(10)  2  0  0  0  0  0  0  0  2  2  2  2  2  X  0  0  0  2  2  2  2  0  2  0  2  2  2     28
23  getGreedyCorrectMoveFunction(10)  2  0  0  0  0  0  0  0  0  2  2  2  2  0  0  0  0  2  2  2  2  1  X  2  2  2  2     27
13          getGreedyMoveFunction(9)  2  0  0  0  0  0  0  0  2  2  2  2  X  0  0  0  0  2  2  2  2  0  0  2  2  2  2     26
21   getGreedyCorrectMoveFunction(8)  2  0  0  0  0  0  0  0  2  2  2  1  0  0  0  0  0  2  2  2  X  0  0  2  2  2  2     23
12          getGreedyMoveFunction(8)  2  0  0  0  0  0  0  0  0  2  2  X  0  0  0  0  0  2  2  2  1  0  0  2  2  2  2     21
9      getBestAlgorithmCascadeMove13  2  0  0  0  0  0  0  0  X  2  2  2  0  0  0  0  0  2  1  0  0  0  2  2  2  2  2     21
24  getGreedyCorrectMoveFunction(11)  2  0  0  0  0  0  0  0  0  2  2  0  0  2  0  0  0  2  2  2  0  0  0  X  2  2  2     20
20   getGreedyCorrectMoveFunction(7)  2  0  0  0  0  0  0  0  2  2  2  0  0  0  0  0  0  2  2  X  0  0  0  0  2  2  2     18
19   getGreedyCorrectMoveFunction(6)  2  0  0  0  0  0  0  0  1  0  2  0  0  0  0  0  0  2  X  0  0  0  0  0  2  2  2     13
11          getGreedyMoveFunction(7)  2  0  0  0  0  0  0  0  0  2  X  0  0  0  0  0  0  2  0  0  0  0  0  0  2  2  2     12
10          getGreedyMoveFunction(6)  2  0  0  0  0  0  0  0  0  X  0  0  0  0  0  0  0  2  2  0  0  0  0  0  2  2  2     12
25  getGreedyCorrectMoveFunction(12)  2  0  0  0  0  0  0  0  0  0  0  0  0  0  0  0  0  2  0  0  0  0  0  0  X  2  2      8
26  getGreedyCorrectMoveFunction(13)  2  0  0  0  0  0  0  0  0  0  0  0  0  0  0  0  0  2  0  0  0  0  0  0  0  X  2      6
1            getGreedyFullVisionMove  X  0  0  0  0  0  0  0  0  0  0  0  0  0  0  0  0  1  0  0  0  0  0  0  0  0  1      2
18         getGreedyMoveFunction(14)  1  0  0  0  0  0  0  0  0  0  0  0  0  0  0  0  0  X  0  0  0  0  0  0  0  0  1      2
27  getGreedyCorrectMoveFunction(14)  1  0  0  0  0  0  0  0  0  0  0  0  0  0  0  0  0  1  0  0  0  0  0  0  0  0  X      2

=======================================================================

                                        1    2    3    4    5    6    7    8    9   10   11  ...   17   18   19   20   21   22   23   24   25   26   27 total
1            getGreedyFullVisionMove    X   58   51   53   51   54   63   75   70   83   80  ...   58  100   84   77   80   82   82   83   78   90  100  1876
2        getBestAlgorithmCascadeMove  142    X  100  115  109  111  118  123  131  139  142  ...  106  142  136  134  129  140  140  136  143  144  142  3351
3       getBestAlgorithmCascadeMove2  149  100    X  114  108   98  113  122  126  140  135  ...  110  149  140  138  131  128  141  139  146  147  149  3354
4       getBestAlgorithmCascadeMove3  147   85   86    X  100   99  109  124  119  140  125  ...  102  147  137  128  122  128  135  125  139  141  147  3193
5       getBestAlgorithmCascadeMove4  149   91   92  100    X  101  114  122  126  136  141  ...  101  149  140  135  124  132  138  134  146  142  148  3274
6       getBestAlgorithmCascadeMove5  146   89  102  101   99    X  108  121  123  131  129  ...   98  146  127  129  135  122  133  129  139  142  146  3187
7       getBestAlgorithmCascadeMove8  137   82   87   91   86   92    X  117  112  132  126  ...   95  136  132  125  116  118  127  129  132  141  136  2999
8      getBestAlgorithmCascadeMove10  125   77   78   76   78   79   83    X  102  122  110  ...   94  125  118  115  115  106  120  113  128  137  125  2762
9      getBestAlgorithmCascadeMove13  130   69   74   81   74   77   88   98    X  102  102  ...   84  130  100   98   97   95  111  116  127  130  130  2600
10          getGreedyMoveFunction(6)  117   61   60   60   64   69   68   78   98    X   93  ...   71  116  104   95   78   92   85   95  102  113  118  2199
11          getGreedyMoveFunction(7)  120   58   65   75   59   71   74   90   98  107    X  ...   68  120   95   95   97   83   86   83  104  117  117  2290
12          getGreedyMoveFunction(8)  120   68   70   72   74   68   81   87   95  128  113  ...   67  122  123  105  100   91   95  107  115  119  119  2490
13          getGreedyMoveFunction(9)  134   71   74   80   77   78   88   95  104  122  129  ...   88  133  122  126  109   89   99  110  125  132  132  2685
14         getGreedyMoveFunction(10)  139   70   70   72   65   75   84   86  103  129  118  ...   78  137  128  126  108   94  104   98  123  136  137  2674
15         getGreedyMoveFunction(11)  149   77   71   76   80   90   99   97  103  129  115  ...   92  149  128  116  117  120  113  102  133  145  146  2880
16         getGreedyMoveFunction(12)  134   85   84   92   91   97   98   99  108  130  117  ...   95  134  126  112  111  115  126  117  115  131  133  2904
17         getGreedyMoveFunction(13)  142   94   90   98   99  102  105  106  116  129  132  ...    X  143  124  134  135  127  132  120  130  144  145  3127
18         getGreedyMoveFunction(14)  100   58   51   53   51   54   64   75   70   84   80  ...   57    X   86   77   77   82   80   84   81   89  100  1878
19   getGreedyCorrectMoveFunction(6)  116   64   60   63   60   73   68   82  100   96  105  ...   76  114    X   93   77   91   78   94  104  106  117  2210
20   getGreedyCorrectMoveFunction(7)  123   66   62   72   65   71   75   85  102  105  105  ...   66  123  107    X   92   83   87   85  103  118  121  2331
21   getGreedyCorrectMoveFunction(8)  120   71   69   78   76   65   84   85  103  122  103  ...   65  123  123  108    X   99   89  104  116  123  125  2506
22   getGreedyCorrectMoveFunction(9)  118   60   72   72   68   78   82   94  105  108  117  ...   73  118  109  117  101    X  100  113  121  127  118  2562
23  getGreedyCorrectMoveFunction(10)  118   60   59   65   62   67   73   80   89  115  114  ...   68  120  122  113  111  100    X  120  115  113  117  2464
24  getGreedyCorrectMoveFunction(11)  117   64   61   75   66   71   71   87   84  105  117  ...   80  116  106  115   96   87   80    X  105  111  115  2395
25  getGreedyCorrectMoveFunction(12)  122   57   54   61   54   61   68   72   73   98   96  ...   70  119   96   97   84   79   85   95    X  120  119  2169
26  getGreedyCorrectMoveFunction(13)  110   56   53   59   58   58   59   63   70   87   83  ...   56  111   94   82   77   73   87   89   80    X  112  1954
27  getGreedyCorrectMoveFunction(14)  100   58   51   53   52   54   64   75   70   82   83  ...   55  100   83   79   75   82   83   85   81   88    X  1886

[27 rows x 29 columns]
-----------------------------------------------------------------------
                                        1    2    3    4    5    6    7    8    9   10   11  ...   17   18   19   20   21   22   23   24   25   26   27 total
3       getBestAlgorithmCascadeMove2  149  100    X  114  108   98  113  122  126  140  135  ...  110  149  140  138  131  128  141  139  146  147  149  3354
2        getBestAlgorithmCascadeMove  142    X  100  115  109  111  118  123  131  139  142  ...  106  142  136  134  129  140  140  136  143  144  142  3351
5       getBestAlgorithmCascadeMove4  149   91   92  100    X  101  114  122  126  136  141  ...  101  149  140  135  124  132  138  134  146  142  148  3274
4       getBestAlgorithmCascadeMove3  147   85   86    X  100   99  109  124  119  140  125  ...  102  147  137  128  122  128  135  125  139  141  147  3193
6       getBestAlgorithmCascadeMove5  146   89  102  101   99    X  108  121  123  131  129  ...   98  146  127  129  135  122  133  129  139  142  146  3187
17         getGreedyMoveFunction(13)  142   94   90   98   99  102  105  106  116  129  132  ...    X  143  124  134  135  127  132  120  130  144  145  3127
7       getBestAlgorithmCascadeMove8  137   82   87   91   86   92    X  117  112  132  126  ...   95  136  132  125  116  118  127  129  132  141  136  2999
16         getGreedyMoveFunction(12)  134   85   84   92   91   97   98   99  108  130  117  ...   95  134  126  112  111  115  126  117  115  131  133  2904
15         getGreedyMoveFunction(11)  149   77   71   76   80   90   99   97  103  129  115  ...   92  149  128  116  117  120  113  102  133  145  146  2880
8      getBestAlgorithmCascadeMove10  125   77   78   76   78   79   83    X  102  122  110  ...   94  125  118  115  115  106  120  113  128  137  125  2762
13          getGreedyMoveFunction(9)  134   71   74   80   77   78   88   95  104  122  129  ...   88  133  122  126  109   89   99  110  125  132  132  2685
14         getGreedyMoveFunction(10)  139   70   70   72   65   75   84   86  103  129  118  ...   78  137  128  126  108   94  104   98  123  136  137  2674
9      getBestAlgorithmCascadeMove13  130   69   74   81   74   77   88   98    X  102  102  ...   84  130  100   98   97   95  111  116  127  130  130  2600
22   getGreedyCorrectMoveFunction(9)  118   60   72   72   68   78   82   94  105  108  117  ...   73  118  109  117  101    X  100  113  121  127  118  2562
21   getGreedyCorrectMoveFunction(8)  120   71   69   78   76   65   84   85  103  122  103  ...   65  123  123  108    X   99   89  104  116  123  125  2506
12          getGreedyMoveFunction(8)  120   68   70   72   74   68   81   87   95  128  113  ...   67  122  123  105  100   91   95  107  115  119  119  2490
23  getGreedyCorrectMoveFunction(10)  118   60   59   65   62   67   73   80   89  115  114  ...   68  120  122  113  111  100    X  120  115  113  117  2464
24  getGreedyCorrectMoveFunction(11)  117   64   61   75   66   71   71   87   84  105  117  ...   80  116  106  115   96   87   80    X  105  111  115  2395
20   getGreedyCorrectMoveFunction(7)  123   66   62   72   65   71   75   85  102  105  105  ...   66  123  107    X   92   83   87   85  103  118  121  2331
11          getGreedyMoveFunction(7)  120   58   65   75   59   71   74   90   98  107    X  ...   68  120   95   95   97   83   86   83  104  117  117  2290
19   getGreedyCorrectMoveFunction(6)  116   64   60   63   60   73   68   82  100   96  105  ...   76  114    X   93   77   91   78   94  104  106  117  2210
10          getGreedyMoveFunction(6)  117   61   60   60   64   69   68   78   98    X   93  ...   71  116  104   95   78   92   85   95  102  113  118  2199
25  getGreedyCorrectMoveFunction(12)  122   57   54   61   54   61   68   72   73   98   96  ...   70  119   96   97   84   79   85   95    X  120  119  2169
26  getGreedyCorrectMoveFunction(13)  110   56   53   59   58   58   59   63   70   87   83  ...   56  111   94   82   77   73   87   89   80    X  112  1954
27  getGreedyCorrectMoveFunction(14)  100   58   51   53   52   54   64   75   70   82   83  ...   55  100   83   79   75   82   83   85   81   88    X  1886
18         getGreedyMoveFunction(14)  100   58   51   53   51   54   64   75   70   84   80  ...   57    X   86   77   77   82   80   84   81   89  100  1878
1            getGreedyFullVisionMove    X   58   51   53   51   54   63   75   70   83   80  ...   58  100   84   77   80   82   82   83   78   90  100  1876

[27 rows x 29 columns]

=======================================================================

21   getGreedyCorrectMoveFunction(8)  104247.0  101582.0  100133.0  100364.0  101467.0  ...  100347.0  102345.0  104349.0  105122.0  104120.0  2673026.0
22   getGreedyCorrectMoveFunction(9)   98905.0   99226.0   98911.0   98411.0   97563.0  ...   96951.0   98426.0  100143.0   99894.0   98774.0  2617650.0
23  getGreedyCorrectMoveFunction(10)   92465.0   95315.0   94756.0   94781.0   93907.0  ...         X   91248.0   92388.0   92657.0   92605.0  2547016.0
24  getGreedyCorrectMoveFunction(11)   84843.0   90469.0   90165.0   90950.0   90743.0  ...   88810.0         X   84147.0   85201.0   84773.0  2465134.0
25  getGreedyCorrectMoveFunction(12)   78929.0   85453.0   84902.0   85805.0   85574.0  ...   87679.0   81569.0         X   78365.0   78843.0  2364347.0
26  getGreedyCorrectMoveFunction(13)   73206.0   81978.0   80078.0   80739.0   80931.0  ...   87576.0   81440.0   75497.0         X   73243.0  2294166.0
27  getGreedyCorrectMoveFunction(14)   70211.0   81804.0   80318.0   80784.0   81185.0  ...   86328.0   81024.0   75992.0   72305.0         X  2282796.0

[27 rows x 29 columns]
-----------------------------------------------------------------------
                                             1         2         3         4         5  ...        23        24        25        26        27      total
15         getGreedyMoveFunction(11)  109699.0  100898.0  100024.0  101743.0  101843.0  ...  104870.0  104993.0  107892.0  109039.0  109622.0  2747403.0
17         getGreedyMoveFunction(13)  107101.0  104071.0  102889.0  103073.0  103682.0  ...  104144.0  104262.0  105523.0  106529.0  107148.0  2745840.0
14         getGreedyMoveFunction(10)  108899.0  102156.0  102334.0  102127.0  101293.0  ...  103928.0  104370.0  106898.0  108084.0  109013.0  2733043.0
16         getGreedyMoveFunction(12)  107172.0  102323.0  102273.0  102607.0  103102.0  ...  104333.0  103676.0  105076.0  106597.0  107114.0  2728663.0
13          getGreedyMoveFunction(9)  107217.0  102704.0  102551.0  102004.0  101298.0  ...  104535.0  105134.0  106909.0  107591.0  107343.0  2721863.0
12          getGreedyMoveFunction(8)  106512.0  100622.0  100703.0  101470.0  101366.0  ...  103455.0  104251.0  105913.0  106677.0  106285.0  2697260.0
21   getGreedyCorrectMoveFunction(8)  104247.0  101582.0  100133.0  100364.0  101467.0  ...  100347.0  102345.0  104349.0  105122.0  104120.0  2673026.0
11          getGreedyMoveFunction(7)  106444.0   98789.0  100008.0  100745.0  100260.0  ...  102246.0  103385.0  104773.0  106146.0  106757.0  2672531.0
20   getGreedyCorrectMoveFunction(7)  106392.0   99540.0   99605.0  100718.0  100732.0  ...  102609.0  104004.0  104675.0  105854.0  106613.0  2670794.0
19   getGreedyCorrectMoveFunction(6)  104911.0   98959.0   99940.0   99961.0   99534.0  ...  101007.0  101599.0  103097.0  104278.0  104362.0  2636732.0
10          getGreedyMoveFunction(6)  104392.0   99109.0   99794.0   99347.0  100195.0  ...  101427.0  101537.0  103227.0  104528.0  104884.0  2634636.0
22   getGreedyCorrectMoveFunction(9)   98905.0   99226.0   98911.0   98411.0   97563.0  ...   96951.0   98426.0  100143.0   99894.0   98774.0  2617650.0
3       getBestAlgorithmCascadeMove2   91311.0   90852.0         X   90394.0   92057.0  ...  102652.0   98430.0   95315.0   91254.0   91291.0  2591935.0
2        getBestAlgorithmCascadeMove   90433.0         X   90229.0   91791.0   91343.0  ...  102012.0   97829.0   95730.0   91521.0   90425.0  2590519.0
5       getBestAlgorithmCascadeMove4   90815.0   91056.0   91068.0   90949.0         X  ...  102494.0   98617.0   94348.0   90791.0   90753.0  2579032.0
4       getBestAlgorithmCascadeMove3   90750.0   91003.0   88857.0         X   91279.0  ...  102582.0   97875.0   94693.0   90640.0   90751.0  2576767.0
6       getBestAlgorithmCascadeMove5   89754.0   90681.0   90951.0   91170.0   89759.0  ...  100225.0   97806.0   95025.0   90544.0   89745.0  2565209.0
23  getGreedyCorrectMoveFunction(10)   92465.0   95315.0   94756.0   94781.0   93907.0  ...         X   91248.0   92388.0   92657.0   92605.0  2547016.0
7       getBestAlgorithmCascadeMove8   88343.0   90126.0   89513.0   90296.0   89814.0  ...   99789.0   96201.0   92815.0   88925.0   88351.0  2534214.0
8      getBestAlgorithmCascadeMove10   85050.0   89228.0   89061.0   90076.0   89465.0  ...   99203.0   94680.0   90157.0   85850.0   85049.0  2497039.0
24  getGreedyCorrectMoveFunction(11)   84843.0   90469.0   90165.0   90950.0   90743.0  ...   88810.0         X   84147.0   85201.0   84773.0  2465134.0
9      getBestAlgorithmCascadeMove13   84833.0   88016.0   88118.0   88608.0   87613.0  ...   96297.0   93444.0   89573.0   85895.0   84850.0  2464759.0
25  getGreedyCorrectMoveFunction(12)   78929.0   85453.0   84902.0   85805.0   85574.0  ...   87679.0   81569.0         X   78365.0   78843.0  2364347.0
26  getGreedyCorrectMoveFunction(13)   73206.0   81978.0   80078.0   80739.0   80931.0  ...   87576.0   81440.0   75497.0         X   73243.0  2294166.0
27  getGreedyCorrectMoveFunction(14)   70211.0   81804.0   80318.0   80784.0   81185.0  ...   86328.0   81024.0   75992.0   72305.0         X  2282796.0
18         getGreedyMoveFunction(14)   70196.0   81788.0   80277.0   80794.0   81226.0  ...   86426.0   80968.0   76062.0   72315.0   70196.0  2282001.0
1            getGreedyFullVisionMove         X   81781.0   80296.0   80785.0   81256.0  ...   86462.0   80999.0   76041.0   72303.0   70196.0  2281676.0

[27 rows x 29 columns]
