---=== BEST ALGO: 20 moves, 100 boards ===---

['getGreedyFullVisionMove', [(44, 156, 42040.0, 46775.0), (44, 156, 42260.0, 47271.0), (47, 153, 42026.0, 47301.0), (55, 145, 42005.0, 46653.0), (46, 154, 41884.0, 47144.0), (52, 148, 41926.0, 46791.0), (57, 143, 42398.0, 46679.0), (68, 132, 42887.0, 45694.0), (43, 157, 43451.0, 52279.0), (35, 165, 42937.0, 53139.0), (47, 153, 42811.0, 51454.0), (46, 154, 42578.0, 51114.0), (53, 147, 43013.0, 50913.0), (49, 151, 42790.0, 50841.0), (50, 150, 42756.0, 49130.0), (52, 148, 43130.0, 48629.0), (100, 100, 42183.0, 42183.0), (43, 157, 43451.0, 52279.0), (36, 164, 42956.0, 53061.0), (52, 148, 43145.0, 50432.0), (57, 143, 42601.0, 49026.0), (72, 128, 43086.0, 47544.0), (79, 121, 42274.0, 45299.0), (92, 108, 42087.0, 42952.0), (90, 110, 42205.0, 42697.0), (100, 100, 42183.0, 42183.0)]]
['getBestAlgorithmCascadeMove', [(112, 88, 47251.0, 47519.0), (107, 93, 46550.0, 47022.0), (117, 83, 46932.0, 46842.0), (113, 87, 46855.0, 47004.0), (121, 79, 46920.0, 46370.0), (125, 75, 46959.0, 46185.0), (134, 66, 46989.0, 44756.0), (68, 132, 48430.0, 52321.0), (58, 142, 48286.0, 53317.0), (80, 120, 48470.0, 51388.0), (77, 123, 47891.0, 50879.0), (90, 110, 48389.0, 50188.0), (87, 113, 48102.0, 50402.0), (94, 106, 48369.0, 49116.0), (96, 104, 48172.0, 48424.0), (156, 44, 46775.0, 42040.0), (68, 132, 48430.0, 52321.0), (59, 141, 48176.0, 53049.0), (84, 116, 47979.0, 50599.0), (110, 90, 47649.0, 48231.0), (121, 79, 48272.0, 47193.0), (127, 73, 47553.0, 45829.0), (151, 49, 47610.0, 43536.0), (152, 48, 47000.0, 42838.0), (156, 44, 46775.0, 42040.0)]]
['getBestAlgorithmCascadeMove2', [(99, 101, 47133.0, 47040.0), (111, 89, 47506.0, 46984.0), (104, 96, 47415.0, 47421.0), (115, 85, 47358.0, 46386.0), (109, 91, 47509.0, 46302.0), (125, 75, 47574.0, 44747.0), (63, 137, 48692.0, 52023.0), (68, 132, 48659.0, 52822.0), (79, 121, 48517.0, 51228.0), (86, 114, 48729.0, 50808.0), (92, 108, 49092.0, 50522.0), (85, 115, 48346.0, 50052.0), (92, 108, 48569.0, 48699.0), (86, 114, 48231.0, 48471.0), (156, 44, 47271.0, 42260.0), (63, 137, 48692.0, 52023.0), (71, 129, 48646.0, 52560.0), (85, 115, 48196.0, 50570.0), (109, 91, 48437.0, 48241.0), (115, 85, 48357.0, 47234.0), (122, 78, 47495.0, 45466.0), (145, 55, 47415.0, 43283.0), (151, 49, 47259.0, 42927.0), (156, 44, 47271.0, 42260.0)]]
['getBestAlgorithmCascadeMove3', [(109, 91, 47200.0, 46663.0), (104, 96, 47281.0, 47104.0), (119, 81, 47251.0, 46105.0), (111, 89, 47445.0, 45980.0), (128, 72, 47538.0, 44588.0), (69, 131, 48984.0, 52143.0), (69, 131, 49069.0, 52915.0), (80, 120, 48880.0, 51541.0), (88, 112, 48888.0, 51074.0), (98, 102, 49311.0, 50652.0), (96, 104, 48395.0, 50176.0), (100, 100, 48609.0, 48924.0), (100, 100, 48581.0, 48315.0), (153, 47, 47301.0, 42026.0), (69, 131, 48984.0, 52143.0), (69, 131, 49037.0, 52764.0), (81, 119, 48553.0, 50668.0), (109, 91, 48711.0, 48438.0), (118, 82, 48821.0, 47240.0), (126, 74, 47754.0, 45309.0), (145, 55, 47468.0, 43261.0), (152, 48, 47291.0, 42763.0), (153, 47, 47301.0, 42026.0)]]
['getBestAlgorithmCascadeMove4', [(91, 109, 47068.0, 47398.0), (98, 102, 46964.0, 46846.0), (103, 97, 46962.0, 46305.0), (118, 82, 46780.0, 44834.0), (64, 136, 48657.0, 52147.0), (62, 138, 48951.0, 52898.0), (75, 125, 48682.0, 51462.0), (80, 120, 48618.0, 51157.0), (89, 111, 49297.0, 50886.0), (83, 117, 48319.0, 50735.0), (88, 112, 48420.0, 49310.0), (88, 112, 48294.0, 48530.0), (145, 55, 46653.0, 42005.0), (64, 136, 48657.0, 52147.0), (63, 137, 48883.0, 52737.0), (78, 122, 48413.0, 50830.0), (103, 97, 48389.0, 48438.0), (115, 85, 48430.0, 47281.0), (122, 78, 47325.0, 45215.0), (140, 60, 47041.0, 43180.0), (141, 59, 46708.0, 42792.0), (145, 55, 46653.0, 42005.0)]]
['getBestAlgorithmCascadeMove5', [(100, 100, 47119.0, 46573.0), (104, 96, 47198.0, 46256.0), (125, 75, 47246.0, 44916.0), (73, 127, 48896.0, 52213.0), (63, 137, 48826.0, 53011.0), (77, 123, 48639.0, 51514.0), (92, 108, 48695.0, 51191.0), (96, 104, 49439.0, 50880.0), (95, 105, 48551.0, 50794.0), (98, 102, 48817.0, 49292.0), (102, 98, 48712.0, 48495.0), (154, 46, 47144.0, 41884.0), (73, 127, 48896.0, 52213.0), (64, 136, 48784.0, 52881.0), (83, 117, 48541.0, 50863.0), (105, 95, 48389.0, 48619.0), (119, 81, 48532.0, 47273.0), (126, 74, 47371.0, 45246.0), (146, 54, 47394.0, 42966.0), (151, 49, 47230.0, 42525.0), (154, 46, 47144.0, 41884.0)]]
['getBestAlgorithmCascadeMove8', [(105, 95, 46863.0, 46476.0), (120, 80, 46862.0, 44884.0), (77, 123, 48988.0, 51990.0), (64, 136, 48250.0, 52695.0), (77, 123, 48187.0, 51124.0), (89, 111, 48561.0, 50882.0), (108, 92, 49279.0, 50186.0), (96, 104, 48319.0, 50125.0), (99, 101, 48190.0, 49134.0), (95, 105, 48252.0, 48551.0), (148, 52, 46791.0, 41926.0), (77, 123, 48988.0, 51990.0), (65, 135, 48197.0, 52557.0), (78, 122, 48111.0, 50408.0), (104, 96, 48403.0, 48652.0), (123, 77, 48356.0, 46964.0), (124, 76, 47136.0, 45215.0), (145, 55, 47001.0, 43157.0), (143, 57, 46799.0, 42687.0), (148, 52, 46791.0, 41926.0)]]
['getBestAlgorithmCascadeMove10', [(120, 80, 46858.0, 45290.0), (70, 130, 48750.0, 51828.0), (61, 139, 48038.0, 52868.0), (77, 123, 48152.0, 51071.0), (81, 119, 48359.0, 50982.0), (96, 104, 48685.0, 50657.0), (92, 108, 47768.0, 50341.0), (98, 102, 48002.0, 49087.0), (92, 108, 48200.0, 48931.0), (143, 57, 46679.0, 42398.0), (70, 130, 48750.0, 51828.0), (61, 139, 47977.0, 52738.0), (79, 121, 48157.0, 50252.0), (97, 103, 48169.0, 48993.0), (110, 90, 48232.0, 47691.0), (120, 80, 47100.0, 45771.0), (138, 62, 46984.0, 43850.0), (141, 59, 46732.0, 43198.0), (143, 57, 46679.0, 42398.0)]]
['getBestAlgorithmCascadeMove13', [(57, 143, 46829.0, 51908.0), (46, 154, 45646.0, 52765.0), (62, 138, 45375.0, 50927.0), (63, 137, 45634.0, 50741.0), (83, 117, 46190.0, 50335.0), (79, 121, 45846.0, 50387.0), (82, 118, 45525.0, 49031.0), (75, 125, 45924.0, 48814.0), (132, 68, 45694.0, 42887.0), (57, 143, 46829.0, 51908.0), (46, 154, 45627.0, 52627.0), (68, 132, 45601.0, 50096.0), (82, 118, 45947.0, 48776.0), (100, 100, 45907.0, 47276.0), (109, 91, 45182.0, 45444.0), (127, 73, 45008.0, 43498.0), (123, 77, 45227.0, 43401.0), (132, 68, 45694.0, 42887.0)]]
['getGreedyMoveFunction(6)', [(99, 101, 51924.0, 53200.0), (100, 100, 52016.0, 52315.0), (109, 91, 51994.0, 51693.0), (115, 85, 51647.0, 50944.0), (121, 79, 51956.0, 50907.0), (130, 70, 52202.0, 49389.0), (140, 60, 51816.0, 48390.0), (157, 43, 52279.0, 43451.0), (100, 100, 52127.0, 52127.0), (100, 100, 52002.0, 53049.0), (104, 96, 51790.0, 51426.0), (129, 71, 51889.0, 49620.0), (140, 60, 51957.0, 48107.0), (156, 44, 52099.0, 46594.0), (159, 41, 52272.0, 44976.0), (155, 45, 52173.0, 44395.0), (157, 43, 52279.0, 43451.0)]]
['getGreedyMoveFunction(7)', [(105, 95, 53093.0, 52092.0), (124, 76, 52866.0, 51153.0), (120, 80, 52972.0, 50783.0), (121, 79, 52947.0, 50472.0), (136, 64, 52440.0, 49189.0), (147, 53, 52708.0, 48125.0), (165, 35, 53139.0, 42937.0), (101, 99, 53200.0, 51924.0), (106, 94, 53101.0, 52814.0), (115, 85, 52828.0, 51028.0), (130, 70, 52766.0, 49683.0), (144, 56, 53087.0, 47988.0), (155, 45, 53279.0, 46730.0), (162, 38, 52979.0, 44927.0), (164, 36, 53017.0, 43941.0), (165, 35, 53139.0, 42937.0)]]
['getGreedyMoveFunction(8)', [(106, 94, 51567.0, 50900.0), (117, 83, 51961.0, 50338.0), (111, 89, 51143.0, 50433.0), (116, 84, 51267.0, 49316.0), (119, 81, 50769.0, 47854.0), (153, 47, 51454.0, 42811.0), (100, 100, 52315.0, 52016.0), (98, 102, 52091.0, 52848.0), (111, 89, 51345.0, 50514.0), (121, 79, 51502.0, 49041.0), (133, 67, 51466.0, 47541.0), (141, 59, 51299.0, 46532.0), (148, 52, 51177.0, 44665.0), (149, 51, 51138.0, 43774.0), (153, 47, 51454.0, 42811.0)]]
['getGreedyMoveFunction(9)', [(103, 97, 51090.0, 49960.0), (116, 84, 51336.0, 50022.0), (122, 78, 50885.0, 49039.0), (123, 77, 50474.0, 47504.0), (154, 46, 51114.0, 42578.0), (91, 109, 51693.0, 51994.0), (78, 122, 51172.0, 52681.0), (102, 98, 51251.0, 50838.0), (124, 76, 51359.0, 48690.0), (133, 67, 51335.0, 47236.0), (138, 62, 50934.0, 46057.0), (145, 55, 50886.0, 44618.0), (150, 50, 51008.0, 43602.0), (154, 46, 51114.0, 42578.0)]]
['getGreedyMoveFunction(10)', [(103, 97, 50348.0, 50363.0), (118, 82, 50016.0, 48906.0), (112, 88, 49539.0, 48055.0), (147, 53, 50913.0, 43013.0), (85, 115, 50944.0, 51647.0), (79, 121, 50821.0, 53024.0), (87, 113, 50346.0, 51206.0), (108, 92, 49924.0, 49439.0), (124, 76, 50732.0, 47974.0), (133, 67, 50552.0, 46532.0), (145, 55, 50724.0, 44711.0), (145, 55, 50726.0, 44047.0), (147, 53, 50913.0, 43013.0)]]
['getGreedyMoveFunction(11)', [(112, 88, 49905.0, 49038.0), (115, 85, 49402.0, 48269.0), (151, 49, 50841.0, 42790.0), (79, 121, 50907.0, 51956.0), (76, 124, 50546.0, 53109.0), (94, 106, 50528.0, 50442.0), (107, 93, 49858.0, 49043.0), (120, 80, 50537.0, 47976.0), (137, 63, 50748.0, 46603.0), (144, 56, 50793.0, 44845.0), (145, 55, 50795.0, 43956.0), (151, 49, 50841.0, 42790.0)]]
['getGreedyMoveFunction(12)', [(110, 90, 48906.0, 48250.0), (150, 50, 49130.0, 42756.0), (70, 130, 49389.0, 52202.0), (62, 138, 49170.0, 52550.0), (96, 104, 49337.0, 50008.0), (99, 101, 49137.0, 48495.0), (115, 85, 49451.0, 47079.0), (131, 69, 49228.0, 45585.0), (140, 60, 49414.0, 44836.0), (144, 56, 49186.0, 43821.0), (150, 50, 49130.0, 42756.0)]]
['getGreedyMoveFunction(13)', [(148, 52, 48629.0, 43130.0), (60, 140, 48390.0, 51816.0), (53, 147, 48128.0, 52687.0), (89, 111, 48015.0, 50072.0), (96, 104, 48113.0, 48609.0), (112, 88, 48607.0, 47164.0), (124, 76, 48275.0, 45826.0), (139, 61, 48699.0, 44947.0), (145, 55, 48878.0, 44251.0), (148, 52, 48629.0, 43130.0)]]
['getGreedyMoveFunction(14)', [(43, 157, 43451.0, 52279.0), (36, 164, 42956.0, 53061.0), (52, 148, 43145.0, 50432.0), (57, 143, 42601.0, 49026.0), (72, 128, 43086.0, 47544.0), (79, 121, 42274.0, 45299.0), (92, 108, 42087.0, 42952.0), (90, 110, 42205.0, 42697.0), (100, 100, 42183.0, 42183.0)]]
['getGreedyCorrectMoveFunction(6)', [(100, 100, 52002.0, 53049.0), (104, 96, 51790.0, 51426.0), (129, 71, 51889.0, 49620.0), (140, 60, 51957.0, 48107.0), (156, 44, 52099.0, 46594.0), (159, 41, 52272.0, 44976.0), (155, 45, 52173.0, 44395.0), (157, 43, 52279.0, 43451.0)]]
['getGreedyCorrectMoveFunction(7)', [(113, 87, 52859.0, 51098.0), (128, 72, 52631.0, 49664.0), (145, 55, 53171.0, 48038.0), (153, 47, 53203.0, 46710.0), (161, 39, 52919.0, 44927.0), (164, 36, 52969.0, 43908.0), (164, 36, 53061.0, 42956.0)]]
['getGreedyCorrectMoveFunction(8)', [(111, 89, 50355.0, 49280.0), (132, 68, 50747.0, 47743.0), (130, 70, 50140.0, 46853.0), (139, 61, 50094.0, 45035.0), (141, 59, 50157.0, 44045.0), (148, 52, 50432.0, 43145.0)]]
['getGreedyCorrectMoveFunction(9)', [(115, 85, 49341.0, 47468.0), (123, 77, 48763.0, 46265.0), (134, 66, 48666.0, 44673.0), (140, 60, 48822.0, 43599.0), (143, 57, 49026.0, 42601.0)]]
['getGreedyCorrectMoveFunction(10)', [(113, 87, 47785.0, 46480.0), (123, 77, 47541.0, 44655.0), (131, 69, 47602.0, 44023.0), (128, 72, 47544.0, 43086.0)]]
['getGreedyCorrectMoveFunction(11)', [(121, 79, 45646.0, 43940.0), (121, 79, 45476.0, 43040.0), (121, 79, 45299.0, 42274.0)]]
['getGreedyCorrectMoveFunction(12)', [(109, 91, 43462.0, 43112.0), (108, 92, 42952.0, 42087.0)]]
['getGreedyCorrectMoveFunction(13)', [(110, 90, 42697.0, 42205.0)]]
['getGreedyCorrectMoveFunction(14)', []]
                                      1  2  3  4  5  6  7  8  9 10 11 12 13 14 15 16 17 18 19 20 21 22 23 24 25 26 27  total
1            getGreedyFullVisionMove  X  0  0  0  0  0  0  0  0  0  0  0  0  0  0  0  0  1  0  0  0  0  0  0  0  0  1      2
2        getBestAlgorithmCascadeMove  2  X  2  2  2  2  2  2  2  0  0  0  0  0  0  0  0  2  0  0  0  2  2  2  2  2  2     30
3       getBestAlgorithmCascadeMove2  2  0  X  0  2  2  2  2  2  0  0  0  0  0  0  0  0  2  0  0  0  2  2  2  2  2  2     26
4       getBestAlgorithmCascadeMove3  2  0  2  X  2  2  2  2  2  0  0  0  0  0  0  1  1  2  0  0  0  2  2  2  2  2  2     30
5       getBestAlgorithmCascadeMove4  2  0  0  0  X  0  0  2  2  0  0  0  0  0  0  0  0  2  0  0  0  2  2  2  2  2  2     20
6       getBestAlgorithmCascadeMove5  2  0  0  0  2  X  1  2  2  0  0  0  0  0  0  0  2  2  0  0  0  2  2  2  2  2  2     25
7       getBestAlgorithmCascadeMove8  2  0  0  0  2  1  X  2  2  0  0  0  0  2  0  0  0  2  0  0  0  2  2  2  2  2  2     25
8      getBestAlgorithmCascadeMove10  2  0  0  0  0  0  0  X  2  0  0  0  0  0  0  0  0  2  0  0  0  0  2  2  2  2  2     16
9      getBestAlgorithmCascadeMove13  2  0  0  0  0  0  0  0  X  0  0  0  0  0  0  0  0  2  0  0  0  0  1  2  2  2  2     13
10          getGreedyMoveFunction(6)  2  2  2  2  2  2  2  2  2  X  0  1  2  2  2  2  2  2  1  1  2  2  2  2  2  2  2     47
11          getGreedyMoveFunction(7)  2  2  2  2  2  2  2  2  2  2  X  2  2  2  2  2  2  2  2  2  2  2  2  2  2  2  2     52
12          getGreedyMoveFunction(8)  2  2  2  2  2  2  2  2  2  1  0  X  2  2  2  2  2  2  1  0  2  2  2  2  2  2  2     46
13          getGreedyMoveFunction(9)  2  2  2  2  2  2  2  2  2  0  0  0  X  2  2  2  2  2  0  0  2  2  2  2  2  2  2     42
14         getGreedyMoveFunction(10)  2  2  2  2  2  2  0  2  2  0  0  0  0  X  2  2  2  2  0  0  0  2  2  2  2  2  2     36
15         getGreedyMoveFunction(11)  2  2  2  2  2  2  2  2  2  0  0  0  0  0  X  2  2  2  0  0  0  2  2  2  2  2  2     36
16         getGreedyMoveFunction(12)  2  2  2  1  2  2  2  2  2  0  0  0  0  0  0  X  2  2  0  0  0  0  2  2  2  2  2     31
17         getGreedyMoveFunction(13)  2  2  2  1  2  0  2  2  2  0  0  0  0  0  0  0  X  2  0  0  0  0  2  2  2  2  2     27
18         getGreedyMoveFunction(14)  1  0  0  0  0  0  0  0  0  0  0  0  0  0  0  0  0  X  0  0  0  0  0  0  0  0  1      2
19   getGreedyCorrectMoveFunction(6)  2  2  2  2  2  2  2  2  2  1  0  1  2  2  2  2  2  2  X  1  2  2  2  2  2  2  2     47
20   getGreedyCorrectMoveFunction(7)  2  2  2  2  2  2  2  2  2  1  0  2  2  2  2  2  2  2  1  X  2  2  2  2  2  2  2     48
21   getGreedyCorrectMoveFunction(8)  2  2  2  2  2  2  2  2  2  0  0  0  0  2  2  2  2  2  0  0  X  2  2  2  2  2  2     40
22   getGreedyCorrectMoveFunction(9)  2  0  0  0  0  0  0  2  2  0  0  0  0  0  0  2  2  2  0  0  0  X  2  2  2  2  2     22
23  getGreedyCorrectMoveFunction(10)  2  0  0  0  0  0  0  0  1  0  0  0  0  0  0  0  0  2  0  0  0  0  X  2  2  2  2     13
24  getGreedyCorrectMoveFunction(11)  2  0  0  0  0  0  0  0  0  0  0  0  0  0  0  0  0  2  0  0  0  0  0  X  2  2  2     10
25  getGreedyCorrectMoveFunction(12)  2  0  0  0  0  0  0  0  0  0  0  0  0  0  0  0  0  2  0  0  0  0  0  0  X  2  2      8
26  getGreedyCorrectMoveFunction(13)  2  0  0  0  0  0  0  0  0  0  0  0  0  0  0  0  0  2  0  0  0  0  0  0  0  X  2      6
27  getGreedyCorrectMoveFunction(14)  1  0  0  0  0  0  0  0  0  0  0  0  0  0  0  0  0  1  0  0  0  0  0  0  0  0  X      2
-----------------------------------------------------------------------
                                      1  2  3  4  5  6  7  8  9 10 11 12 13 14 15 16 17 18 19 20 21 22 23 24 25 26 27  total
11          getGreedyMoveFunction(7)  2  2  2  2  2  2  2  2  2  2  X  2  2  2  2  2  2  2  2  2  2  2  2  2  2  2  2     52
20   getGreedyCorrectMoveFunction(7)  2  2  2  2  2  2  2  2  2  1  0  2  2  2  2  2  2  2  1  X  2  2  2  2  2  2  2     48
10          getGreedyMoveFunction(6)  2  2  2  2  2  2  2  2  2  X  0  1  2  2  2  2  2  2  1  1  2  2  2  2  2  2  2     47
19   getGreedyCorrectMoveFunction(6)  2  2  2  2  2  2  2  2  2  1  0  1  2  2  2  2  2  2  X  1  2  2  2  2  2  2  2     47
12          getGreedyMoveFunction(8)  2  2  2  2  2  2  2  2  2  1  0  X  2  2  2  2  2  2  1  0  2  2  2  2  2  2  2     46
13          getGreedyMoveFunction(9)  2  2  2  2  2  2  2  2  2  0  0  0  X  2  2  2  2  2  0  0  2  2  2  2  2  2  2     42
21   getGreedyCorrectMoveFunction(8)  2  2  2  2  2  2  2  2  2  0  0  0  0  2  2  2  2  2  0  0  X  2  2  2  2  2  2     40
15         getGreedyMoveFunction(11)  2  2  2  2  2  2  2  2  2  0  0  0  0  0  X  2  2  2  0  0  0  2  2  2  2  2  2     36
14         getGreedyMoveFunction(10)  2  2  2  2  2  2  0  2  2  0  0  0  0  X  2  2  2  2  0  0  0  2  2  2  2  2  2     36
16         getGreedyMoveFunction(12)  2  2  2  1  2  2  2  2  2  0  0  0  0  0  0  X  2  2  0  0  0  0  2  2  2  2  2     31
2        getBestAlgorithmCascadeMove  2  X  2  2  2  2  2  2  2  0  0  0  0  0  0  0  0  2  0  0  0  2  2  2  2  2  2     30
4       getBestAlgorithmCascadeMove3  2  0  2  X  2  2  2  2  2  0  0  0  0  0  0  1  1  2  0  0  0  2  2  2  2  2  2     30
17         getGreedyMoveFunction(13)  2  2  2  1  2  0  2  2  2  0  0  0  0  0  0  0  X  2  0  0  0  0  2  2  2  2  2     27
3       getBestAlgorithmCascadeMove2  2  0  X  0  2  2  2  2  2  0  0  0  0  0  0  0  0  2  0  0  0  2  2  2  2  2  2     26
7       getBestAlgorithmCascadeMove8  2  0  0  0  2  1  X  2  2  0  0  0  0  2  0  0  0  2  0  0  0  2  2  2  2  2  2     25
6       getBestAlgorithmCascadeMove5  2  0  0  0  2  X  1  2  2  0  0  0  0  0  0  0  2  2  0  0  0  2  2  2  2  2  2     25
22   getGreedyCorrectMoveFunction(9)  2  0  0  0  0  0  0  2  2  0  0  0  0  0  0  2  2  2  0  0  0  X  2  2  2  2  2     22
5       getBestAlgorithmCascadeMove4  2  0  0  0  X  0  0  2  2  0  0  0  0  0  0  0  0  2  0  0  0  2  2  2  2  2  2     20
8      getBestAlgorithmCascadeMove10  2  0  0  0  0  0  0  X  2  0  0  0  0  0  0  0  0  2  0  0  0  0  2  2  2  2  2     16
9      getBestAlgorithmCascadeMove13  2  0  0  0  0  0  0  0  X  0  0  0  0  0  0  0  0  2  0  0  0  0  1  2  2  2  2     13
23  getGreedyCorrectMoveFunction(10)  2  0  0  0  0  0  0  0  1  0  0  0  0  0  0  0  0  2  0  0  0  0  X  2  2  2  2     13
24  getGreedyCorrectMoveFunction(11)  2  0  0  0  0  0  0  0  0  0  0  0  0  0  0  0  0  2  0  0  0  0  0  X  2  2  2     10
25  getGreedyCorrectMoveFunction(12)  2  0  0  0  0  0  0  0  0  0  0  0  0  0  0  0  0  2  0  0  0  0  0  0  X  2  2      8
26  getGreedyCorrectMoveFunction(13)  2  0  0  0  0  0  0  0  0  0  0  0  0  0  0  0  0  2  0  0  0  0  0  0  0  X  2      6
1            getGreedyFullVisionMove  X  0  0  0  0  0  0  0  0  0  0  0  0  0  0  0  0  1  0  0  0  0  0  0  0  0  1      2
18         getGreedyMoveFunction(14)  1  0  0  0  0  0  0  0  0  0  0  0  0  0  0  0  0  X  0  0  0  0  0  0  0  0  1      2
27  getGreedyCorrectMoveFunction(14)  1  0  0  0  0  0  0  0  0  0  0  0  0  0  0  0  0  1  0  0  0  0  0  0  0  0  X      2

=======================================================================

                                        1    2    3    4    5    6    7    8    9   10  11  ...   17   18   19   20   21   22   23   24   25   26   27 total
1            getGreedyFullVisionMove    X   44   44   47   55   46   52   57   68   43  35  ...   52  100   43   36   52   57   72   79   92   90  100  1509
2        getBestAlgorithmCascadeMove  156    X  112  107  117  113  121  125  134   68  58  ...   96  156   68   59   84  110  121  127  151  152  156  2819
3       getBestAlgorithmCascadeMove2  156   88    X   99  111  104  115  109  125   63  68  ...   86  156   63   71   85  109  115  122  145  151  156  2731
4       getBestAlgorithmCascadeMove3  153   93  101    X  109  104  119  111  128   69  69  ...  100  153   69   69   81  109  118  126  145  152  153  2793
5       getBestAlgorithmCascadeMove4  145   83   89   91    X   91   98  103  118   64  62  ...   88  145   64   63   78  103  115  122  140  141  145  2563
6       getBestAlgorithmCascadeMove5  154   87   96   96  109    X  100  104  125   73  63  ...  102  154   73   64   83  105  119  126  146  151  154  2742
7       getBestAlgorithmCascadeMove8  148   79   85   81  102  100    X  105  120   77  64  ...   95  148   77   65   78  104  123  124  145  143  148  2680
8      getBestAlgorithmCascadeMove10  143   75   91   89   97   96   95    X  120   70  61  ...   92  143   70   61   79   97  110  120  138  141  143  2575
9      getBestAlgorithmCascadeMove13  132   66   75   72   82   75   80   80    X   57  46  ...   75  132   57   46   68   82  100  109  127  123  132  2185
10          getGreedyMoveFunction(6)  157  132  137  131  136  127  123  130  143    X  99  ...  140  157  100  100  104  129  140  156  159  155  157  3387
11          getGreedyMoveFunction(7)  165  142  132  131  138  137  136  139  154  101   X  ...  147  165  101  106  115  130  144  155  162  164  165  3535
12          getGreedyMoveFunction(8)  153  120  121  120  125  123  123  123  138  100  95  ...  119  153  100   98  111  121  133  141  148  149  153  3217
13          getGreedyMoveFunction(9)  154  123  114  112  120  108  111  119  137   91  76  ...  123  154   91   78  102  124  133  138  145  150  154  3092
14         getGreedyMoveFunction(10)  147  110  108  102  111  104   92  104  117   85  80  ...  112  147   85   79   87  108  124  133  145  145  147  2873
15         getGreedyMoveFunction(11)  151  113  115  104  117  105  104  108  121   79  79  ...  115  151   79   76   94  107  120  137  144  145  151  2897
16         getGreedyMoveFunction(12)  150  106  108  100  112  102  101  102  118   70  64  ...  110  150   70   62   96   99  115  131  140  144  150  2732
17         getGreedyMoveFunction(13)  148  104  114  100  112   98  105  108  125   60  53  ...    X  148   60   53   89   96  112  124  139  145  148  2662
18         getGreedyMoveFunction(14)  100   44   44   47   55   46   52   57   68   43  35  ...   52    X   43   36   52   57   72   79   92   90  100  1509
19   getGreedyCorrectMoveFunction(6)  157  132  137  131  136  127  123  130  143  100  99  ...  140  157    X  100  104  129  140  156  159  155  157  3387
20   getGreedyCorrectMoveFunction(7)  164  141  129  131  137  136  135  139  154  100  94  ...  147  164  100    X  113  128  145  153  161  164  164  3506
21   getGreedyCorrectMoveFunction(8)  148  116  115  119  122  117  122  121  132   96  85  ...  111  148   96   87    X  111  132  130  139  141  148  3046
22   getGreedyCorrectMoveFunction(9)  143   90   91   91   97   95   96  103  118   71  70  ...  104  143   71   72   89    X  115  123  134  140  143  2640
23  getGreedyCorrectMoveFunction(10)  128   79   85   82   85   81   77   90  100   60  56  ...   88  128   60   55   68   85    X  113  123  131  128  2277
24  getGreedyCorrectMoveFunction(11)  121   73   78   74   78   74   76   80   91   44  45  ...   76  121   44   47   70   77   87    X  121  121  121  2039
25  getGreedyCorrectMoveFunction(12)  108   49   55   55   60   54   55   62   73   41  38  ...   61  108   41   39   61   66   77   79    X  109  108  1677
26  getGreedyCorrectMoveFunction(13)  110   48   49   48   59   49   57   59   77   45  36  ...   55  110   45   36   59   60   69   79   91    X  110  1618
27  getGreedyCorrectMoveFunction(14)  100   44   44   47   55   46   52   57   68   43  35  ...   52  100   43   36   52   57   72   79   92   90    X  1509

[27 rows x 29 columns]
-----------------------------------------------------------------------
                                        1    2    3    4    5    6    7    8    9   10  11  ...   17   18   19   20   21   22   23   24   25   26   27 total
11          getGreedyMoveFunction(7)  165  142  132  131  138  137  136  139  154  101   X  ...  147  165  101  106  115  130  144  155  162  164  165  3535
20   getGreedyCorrectMoveFunction(7)  164  141  129  131  137  136  135  139  154  100  94  ...  147  164  100    X  113  128  145  153  161  164  164  3506
10          getGreedyMoveFunction(6)  157  132  137  131  136  127  123  130  143    X  99  ...  140  157  100  100  104  129  140  156  159  155  157  3387
19   getGreedyCorrectMoveFunction(6)  157  132  137  131  136  127  123  130  143  100  99  ...  140  157    X  100  104  129  140  156  159  155  157  3387
12          getGreedyMoveFunction(8)  153  120  121  120  125  123  123  123  138  100  95  ...  119  153  100   98  111  121  133  141  148  149  153  3217
13          getGreedyMoveFunction(9)  154  123  114  112  120  108  111  119  137   91  76  ...  123  154   91   78  102  124  133  138  145  150  154  3092
21   getGreedyCorrectMoveFunction(8)  148  116  115  119  122  117  122  121  132   96  85  ...  111  148   96   87    X  111  132  130  139  141  148  3046
15         getGreedyMoveFunction(11)  151  113  115  104  117  105  104  108  121   79  79  ...  115  151   79   76   94  107  120  137  144  145  151  2897
14         getGreedyMoveFunction(10)  147  110  108  102  111  104   92  104  117   85  80  ...  112  147   85   79   87  108  124  133  145  145  147  2873
2        getBestAlgorithmCascadeMove  156    X  112  107  117  113  121  125  134   68  58  ...   96  156   68   59   84  110  121  127  151  152  156  2819
4       getBestAlgorithmCascadeMove3  153   93  101    X  109  104  119  111  128   69  69  ...  100  153   69   69   81  109  118  126  145  152  153  2793
6       getBestAlgorithmCascadeMove5  154   87   96   96  109    X  100  104  125   73  63  ...  102  154   73   64   83  105  119  126  146  151  154  2742
16         getGreedyMoveFunction(12)  150  106  108  100  112  102  101  102  118   70  64  ...  110  150   70   62   96   99  115  131  140  144  150  2732
3       getBestAlgorithmCascadeMove2  156   88    X   99  111  104  115  109  125   63  68  ...   86  156   63   71   85  109  115  122  145  151  156  2731
7       getBestAlgorithmCascadeMove8  148   79   85   81  102  100    X  105  120   77  64  ...   95  148   77   65   78  104  123  124  145  143  148  2680
17         getGreedyMoveFunction(13)  148  104  114  100  112   98  105  108  125   60  53  ...    X  148   60   53   89   96  112  124  139  145  148  2662
22   getGreedyCorrectMoveFunction(9)  143   90   91   91   97   95   96  103  118   71  70  ...  104  143   71   72   89    X  115  123  134  140  143  2640
8      getBestAlgorithmCascadeMove10  143   75   91   89   97   96   95    X  120   70  61  ...   92  143   70   61   79   97  110  120  138  141  143  2575
5       getBestAlgorithmCascadeMove4  145   83   89   91    X   91   98  103  118   64  62  ...   88  145   64   63   78  103  115  122  140  141  145  2563
23  getGreedyCorrectMoveFunction(10)  128   79   85   82   85   81   77   90  100   60  56  ...   88  128   60   55   68   85    X  113  123  131  128  2277
9      getBestAlgorithmCascadeMove13  132   66   75   72   82   75   80   80    X   57  46  ...   75  132   57   46   68   82  100  109  127  123  132  2185
24  getGreedyCorrectMoveFunction(11)  121   73   78   74   78   74   76   80   91   44  45  ...   76  121   44   47   70   77   87    X  121  121  121  2039
25  getGreedyCorrectMoveFunction(12)  108   49   55   55   60   54   55   62   73   41  38  ...   61  108   41   39   61   66   77   79    X  109  108  1677
26  getGreedyCorrectMoveFunction(13)  110   48   49   48   59   49   57   59   77   45  36  ...   55  110   45   36   59   60   69   79   91    X  110  1618
1            getGreedyFullVisionMove    X   44   44   47   55   46   52   57   68   43  35  ...   52  100   43   36   52   57   72   79   92   90  100  1509
18         getGreedyMoveFunction(14)  100   44   44   47   55   46   52   57   68   43  35  ...   52    X   43   36   52   57   72   79   92   90  100  1509
27  getGreedyCorrectMoveFunction(14)  100   44   44   47   55   46   52   57   68   43  35  ...   52  100   43   36   52   57   72   79   92   90    X  1509

[27 rows x 29 columns]

=======================================================================

20   getGreedyCorrectMoveFunction(7)  53061.0  53049.0  52560.0  52764.0  52737.0  ...  53171.0  53203.0  52919.0  52969.0  53061.0  1374659.0
21   getGreedyCorrectMoveFunction(8)  50432.0  50599.0  50570.0  50668.0  50830.0  ...  50747.0  50140.0  50094.0  50157.0  50432.0  1315133.0
22   getGreedyCorrectMoveFunction(9)  49026.0  48231.0  48241.0  48438.0  48438.0  ...  49341.0  48763.0  48666.0  48822.0  49026.0  1272242.0
23  getGreedyCorrectMoveFunction(10)  47544.0  47193.0  47234.0  47240.0  47281.0  ...        X  47785.0  47541.0  47602.0  47544.0  1236133.0
24  getGreedyCorrectMoveFunction(11)  45299.0  45829.0  45466.0  45309.0  45215.0  ...  46480.0        X  45646.0  45476.0  45299.0  1193875.0
25  getGreedyCorrectMoveFunction(12)  42952.0  43536.0  43283.0  43261.0  43180.0  ...  44655.0  43940.0        X  43462.0  42952.0  1145780.0
26  getGreedyCorrectMoveFunction(13)  42697.0  42838.0  42927.0  42763.0  42792.0  ...  44023.0  43040.0  43112.0        X  42697.0  1129131.0
27  getGreedyCorrectMoveFunction(14)  42183.0  42040.0  42260.0  42026.0  42005.0  ...  43086.0  42274.0  42087.0  42205.0        X  1107063.0

[27 rows x 29 columns]
-----------------------------------------------------------------------
                                            1        2        3        4        5  ...       23       24       25       26       27      total
11          getGreedyMoveFunction(7)  53139.0  53317.0  52822.0  52915.0  52898.0  ...  53087.0  53279.0  52979.0  53017.0  53139.0  1377191.0
20   getGreedyCorrectMoveFunction(7)  53061.0  53049.0  52560.0  52764.0  52737.0  ...  53171.0  53203.0  52919.0  52969.0  53061.0  1374659.0
10          getGreedyMoveFunction(6)  52279.0  52321.0  52023.0  52143.0  52147.0  ...  51957.0  52099.0  52272.0  52173.0  52279.0  1353274.0
19   getGreedyCorrectMoveFunction(6)  52279.0  52321.0  52023.0  52143.0  52147.0  ...  51957.0  52099.0  52272.0  52173.0  52279.0  1353274.0
12          getGreedyMoveFunction(8)  51454.0  51388.0  51228.0  51541.0  51462.0  ...  51466.0  51299.0  51177.0  51138.0  51454.0  1338064.0
13          getGreedyMoveFunction(9)  51114.0  50879.0  50808.0  51074.0  51157.0  ...  51335.0  50934.0  50886.0  51008.0  51114.0  1328225.0
21   getGreedyCorrectMoveFunction(8)  50432.0  50599.0  50570.0  50668.0  50830.0  ...  50747.0  50140.0  50094.0  50157.0  50432.0  1315133.0
14         getGreedyMoveFunction(10)  50913.0  50188.0  50522.0  50652.0  50886.0  ...  50732.0  50552.0  50724.0  50726.0  50913.0  1313742.0
15         getGreedyMoveFunction(11)  50841.0  50402.0  50052.0  50176.0  50735.0  ...  50537.0  50748.0  50793.0  50795.0  50841.0  1311751.0
16         getGreedyMoveFunction(12)  49130.0  49116.0  48699.0  48924.0  49310.0  ...  49451.0  49228.0  49414.0  49186.0  49130.0  1278078.0
22   getGreedyCorrectMoveFunction(9)  49026.0  48231.0  48241.0  48438.0  48438.0  ...  49341.0  48763.0  48666.0  48822.0  49026.0  1272242.0
17         getGreedyMoveFunction(13)  48629.0  48424.0  48471.0  48315.0  48530.0  ...  48607.0  48275.0  48699.0  48878.0  48629.0  1257970.0
4       getBestAlgorithmCascadeMove3  47301.0  47022.0  47040.0        X  47200.0  ...  48821.0  47754.0  47468.0  47291.0  47301.0  1250016.0
6       getBestAlgorithmCascadeMove5  47144.0  47004.0  47421.0  47104.0  47398.0  ...  48532.0  47371.0  47394.0  47230.0  47144.0  1247634.0
3       getBestAlgorithmCascadeMove2  47271.0  47519.0        X  47133.0  47506.0  ...  48357.0  47495.0  47415.0  47259.0  47271.0  1247159.0
5       getBestAlgorithmCascadeMove4  46653.0  46842.0  46984.0  46663.0        X  ...  48430.0  47325.0  47041.0  46708.0  46653.0  1241306.0
2        getBestAlgorithmCascadeMove  46775.0        X  47251.0  46550.0  46932.0  ...  48272.0  47553.0  47610.0  47000.0  46775.0  1237559.0
7       getBestAlgorithmCascadeMove8  46791.0  46370.0  46386.0  46105.0  46846.0  ...  48356.0  47136.0  47001.0  46799.0  46791.0  1237395.0
23  getGreedyCorrectMoveFunction(10)  47544.0  47193.0  47234.0  47240.0  47281.0  ...        X  47785.0  47541.0  47602.0  47544.0  1236133.0
8      getBestAlgorithmCascadeMove10  46679.0  46185.0  46302.0  45980.0  46305.0  ...  48232.0  47100.0  46984.0  46732.0  46679.0  1232454.0
24  getGreedyCorrectMoveFunction(11)  45299.0  45829.0  45466.0  45309.0  45215.0  ...  46480.0        X  45646.0  45476.0  45299.0  1193875.0
9      getBestAlgorithmCascadeMove13  45694.0  44756.0  44747.0  44588.0  44834.0  ...  45907.0  45182.0  45008.0  45227.0  45694.0  1183394.0
25  getGreedyCorrectMoveFunction(12)  42952.0  43536.0  43283.0  43261.0  43180.0  ...  44655.0  43940.0        X  43462.0  42952.0  1145780.0
26  getGreedyCorrectMoveFunction(13)  42697.0  42838.0  42927.0  42763.0  42792.0  ...  44023.0  43040.0  43112.0        X  42697.0  1129131.0
1            getGreedyFullVisionMove        X  42040.0  42260.0  42026.0  42005.0  ...  43086.0  42274.0  42087.0  42205.0  42183.0  1107063.0
18         getGreedyMoveFunction(14)  42183.0  42040.0  42260.0  42026.0  42005.0  ...  43086.0  42274.0  42087.0  42205.0  42183.0  1107063.0
27  getGreedyCorrectMoveFunction(14)  42183.0  42040.0  42260.0  42026.0  42005.0  ...  43086.0  42274.0  42087.0  42205.0        X  1107063.0

[27 rows x 29 columns]
