['getGreedyFullVisionMove', [(75, 125, 100009.0, 107451.0), (68, 132, 95682.0, 102852.0), (75, 125, 85162.0, 89272.0), (71, 129, 98244.0, 106247.0), (65, 135, 98978.0, 108163.0), (85, 115, 101052.0, 103942.0), (76, 124, 99511.0, 105354.0), (102, 98, 103251.0, 104184.0), (106, 94, 104187.0, 103255.0), (102, 98, 102811.0, 104290.0), (95, 105, 103978.0, 103354.0), (63, 137, 80519.0, 87710.0), (64, 136, 79868.0, 86120.0), (69, 131, 77377.0, 84446.0), (68, 132, 77523.0, 84279.0), (60, 140, 78393.0, 85721.0), (54, 146, 78883.0, 86618.0), (58, 142, 77724.0, 84793.0), (72, 128, 76418.0, 80917.0)]]
['getGreedyMoveFunction(10)', [(83, 117, 102711.0, 105732.0), (96, 104, 103007.0, 103056.0), (96, 104, 103619.0, 104509.0), (98, 102, 102133.0, 104818.0), (112, 88, 104981.0, 101458.0), (90, 110, 103811.0, 103097.0), (131, 69, 106180.0, 100407.0), (140, 60, 111453.0, 97341.0), (135, 65, 106741.0, 100542.0), (139, 61, 111795.0, 96870.0), (68, 132, 100230.0, 110311.0), (61, 139, 100472.0, 109596.0), (59, 141, 99594.0, 110640.0), (63, 137, 99893.0, 109075.0), (61, 139, 100351.0, 109271.0), (68, 132, 100806.0, 108497.0), (89, 111, 102676.0, 106326.0), (93, 107, 103569.0, 104774.0)]]
['getGreedyMoveFunction(13)', [(103, 97, 102953.0, 101564.0), (107, 93, 103269.0, 103222.0), (110, 90, 103771.0, 103846.0), (114, 86, 106432.0, 102637.0), (116, 84, 106189.0, 102941.0), (131, 69, 107150.0, 100685.0), (133, 67, 110422.0, 97743.0), (127, 73, 107168.0, 100411.0), (132, 68, 110082.0, 98586.0), (77, 123, 102714.0, 105974.0), (84, 116, 103802.0, 105174.0), (90, 110, 102119.0, 103554.0), (93, 107, 103406.0, 103968.0), (92, 108, 102952.0, 103448.0), (92, 108, 102274.0, 103499.0), (89, 111, 101219.0, 102210.0), (107, 93, 102050.0, 100186.0)]]
['getGreedyCorrectMoveFunction(10)', [(91, 109, 101550.0, 104121.0), (94, 106, 102417.0, 104737.0), (104, 96, 104710.0, 101195.0), (100, 100, 105252.0, 102953.0), (114, 86, 106447.0, 100677.0), (136, 64, 109792.0, 98384.0), (109, 91, 105737.0, 101710.0), (135, 65, 109893.0, 98338.0), (75, 125, 93120.0, 99182.0), (68, 132, 91233.0, 98621.0), (79, 121, 91498.0, 96837.0), (84, 116, 91986.0, 97398.0), (83, 117, 90755.0, 96091.0), (77, 123, 90280.0, 96179.0), (88, 112, 91010.0, 93627.0), (104, 96, 93653.0, 93657.0)]]
['getGreedyMoveFunction(12)', [(93, 107, 102460.0, 103913.0), (123, 77, 107364.0, 101793.0), (120, 80, 105355.0, 102307.0), (125, 75, 106621.0, 101561.0), (126, 74, 110050.0, 98108.0), (130, 70, 106593.0, 101219.0), (131, 69, 110415.0, 97885.0), (67, 133, 101851.0, 105193.0), (75, 125, 101335.0, 105162.0), (75, 125, 100493.0, 105358.0), (76, 124, 101179.0, 105839.0), (76, 124, 100980.0, 106011.0), (81, 119, 101596.0, 105311.0), (91, 109, 102208.0, 104373.0), (110, 90, 103953.0, 102273.0)]]
['getGreedyMoveFunction(11)', [(125, 75, 106986.0, 101474.0), (115, 85, 105235.0, 101639.0), (124, 76, 107196.0, 100990.0), (142, 58, 111347.0, 97233.0), (123, 77, 107343.0, 100834.0), (135, 65, 110993.0, 98030.0), (59, 141, 101322.0, 107807.0), (66, 134, 101556.0, 107365.0), (76, 124, 101272.0, 107355.0), (74, 126, 101554.0, 107816.0), (74, 126, 101639.0, 107547.0), (76, 124, 102121.0, 106923.0), (97, 103, 103545.0, 105184.0), (105, 95, 105307.0, 103342.0)]]
['getGreedyMoveFunction(8)', [(83, 117, 101012.0, 104926.0), (92, 108, 102960.0, 103175.0), (109, 91, 106316.0, 102024.0), (92, 108, 103252.0, 103238.0), (107, 93, 106508.0, 102256.0), (56, 144, 99510.0, 108579.0), (48, 152, 97826.0, 109461.0), (66, 134, 100200.0, 108362.0), (65, 135, 100331.0, 108159.0), (63, 137, 100287.0, 108949.0), (73, 127, 101347.0, 106877.0), (77, 123, 101964.0, 105685.0), (93, 107, 102854.0, 104280.0)]]
['getGreedyMoveFunction(9)', [(101, 99, 103642.0, 103769.0), (129, 71, 109017.0, 99098.0), (113, 87, 103806.0, 102240.0), (134, 66, 109320.0, 99135.0), (62, 138, 100268.0, 108340.0), (54, 146, 99526.0, 108537.0), (64, 136, 99712.0, 107562.0), (76, 124, 100124.0, 107861.0), (77, 123, 101196.0, 106786.0), (84, 116, 101418.0, 106038.0), (88, 112, 102438.0, 105359.0), (95, 105, 103044.0, 103030.0)]]
['getGreedyMoveFunction(7)', [(110, 90, 104102.0, 100069.0), (92, 108, 99952.0, 100160.0), (118, 82, 105187.0, 98626.0), (54, 146, 99567.0, 110040.0), (55, 145, 99606.0, 109351.0), (62, 138, 100054.0, 109212.0), (59, 141, 100566.0, 110306.0), (50, 150, 99646.0, 110809.0), (74, 126, 101967.0, 107935.0), (69, 131, 102242.0, 108207.0), (95, 105, 102922.0, 105052.0)]]
['getGreedyMoveFunction(6)', [(95, 105, 100742.0, 104856.0), (100, 100, 101964.0, 101609.0), (52, 148, 96871.0, 112334.0), (58, 142, 97389.0, 112486.0), (60, 140, 98709.0, 111129.0), (58, 142, 98908.0, 111703.0), (57, 143, 98799.0, 110744.0), (58, 142, 99424.0, 109953.0), (68, 132, 100115.0, 109616.0), (82, 118, 101920.0, 106524.0)]]
['getGreedyCorrectMoveFunction(7)', [(112, 88, 104529.0, 100091.0), (55, 145, 99004.0, 109273.0), (58, 142, 98928.0, 108665.0), (60, 140, 99690.0, 109127.0), (59, 141, 100183.0, 110004.0), (50, 150, 99693.0, 110228.0), (66, 134, 101733.0, 108098.0), (71, 129, 102222.0, 107752.0), (86, 114, 102373.0, 105156.0)]]
['getGreedyCorrectMoveFunction(6)', [(53, 147, 96582.0, 111906.0), (54, 146, 96855.0, 113019.0), (50, 150, 97194.0, 112143.0), (59, 141, 98523.0, 111123.0), (56, 144, 98575.0, 110898.0), (57, 143, 99458.0, 110204.0), (70, 130, 100003.0, 109530.0), (71, 129, 101135.0, 107144.0)]]
['getBestAlgorithmCascadeMove', [(98, 102, 85242.0, 85885.0), (105, 95, 85550.0, 85478.0), (101, 99, 86074.0, 86243.0), (109, 91, 86389.0, 85759.0), (113, 87, 87184.0, 85162.0), (102, 98, 85534.0, 85094.0), (119, 81, 87511.0, 84514.0)]]
['getBestAlgorithmCascadeMove2', [(108, 92, 86908.0, 86697.0), (105, 95, 86425.0, 86801.0), (110, 90, 85887.0, 85209.0), (116, 84, 86602.0, 84140.0), (113, 87, 85636.0, 83169.0), (125, 75, 87517.0, 83658.0)]]
['getBestAlgorithmCascadeMove3', [(108, 92, 85030.0, 84969.0), (104, 96, 86389.0, 86916.0), (106, 94, 86428.0, 84856.0), (113, 87, 86540.0, 83579.0), (134, 66, 86312.0, 81429.0)]]
['getBestAlgorithmCascadeMove4', [(100, 100, 86685.0, 86060.0), (102, 98, 86430.0, 84856.0), (107, 93, 86892.0, 84469.0), (123, 77, 85681.0, 81706.0)]]
['getBestAlgorithmCascadeMove5', [(102, 98, 85422.0, 83505.0), (112, 88, 86179.0, 83239.0), (131, 69, 86481.0, 82726.0)]]
['getBestAlgorithmCascadeMove8', [(108, 92, 83910.0, 83140.0), (127, 73, 85393.0, 83250.0)]]
['getBestAlgorithmCascadeMove10', [(116, 84, 84521.0, 83409.0)]]
['getBestAlgorithmCascadeMove13', []]
                                      1  2  3  4  5  6  7  8  9 10 11 12 13 14 15 16 17 18 19 20  total
1            getGreedyFullVisionMove  X  0  0  0  0  0  0  0  2  2  2  0  0  0  0  0  0  0  0  0      6
2          getGreedyMoveFunction(10)  2  X  0  0  0  0  2  0  2  2  2  2  0  0  0  0  0  0  0  0     12
3          getGreedyMoveFunction(13)  2  2  X  2  2  2  2  2  2  2  2  2  0  0  0  0  0  0  0  2     24
4   getGreedyCorrectMoveFunction(10)  2  2  0  X  0  0  2  1  2  2  2  2  0  0  0  0  0  0  0  2     17
5          getGreedyMoveFunction(12)  2  2  0  2  X  0  2  2  2  2  2  2  0  0  0  0  0  0  0  2     20
6          getGreedyMoveFunction(11)  2  2  0  2  2  X  2  2  2  2  2  2  0  0  0  0  0  0  0  2     22
7           getGreedyMoveFunction(8)  2  0  0  0  0  0  X  0  0  2  0  2  0  0  0  0  0  0  0  0      6
8           getGreedyMoveFunction(9)  2  2  0  1  0  0  2  X  2  2  2  2  0  0  0  0  0  0  0  0     15
9           getGreedyMoveFunction(7)  0  0  0  0  0  0  2  0  X  2  0  2  0  0  0  0  0  0  0  0      6
10          getGreedyMoveFunction(6)  0  0  0  0  0  0  0  0  0  X  0  1  0  0  0  0  0  0  0  0      1
11   getGreedyCorrectMoveFunction(7)  0  0  0  0  0  0  2  0  2  2  X  2  0  0  0  0  0  0  0  0      8
12   getGreedyCorrectMoveFunction(6)  2  0  0  0  0  0  0  0  0  1  0  X  0  0  0  0  0  0  0  0      3
13       getBestAlgorithmCascadeMove  2  2  2  2  2  2  2  2  2  2  2  2  X  0  2  2  2  2  2  2     36
14      getBestAlgorithmCascadeMove2  2  2  2  2  2  2  2  2  2  2  2  2  2  X  2  2  2  2  2  2     38
15      getBestAlgorithmCascadeMove3  2  2  2  2  2  2  2  2  2  2  2  2  0  0  X  2  2  2  2  2     34
16      getBestAlgorithmCascadeMove4  2  2  2  2  2  2  2  2  2  2  2  2  0  0  0  X  1  2  2  2     31
17      getBestAlgorithmCascadeMove5  2  2  2  2  2  2  2  2  2  2  2  2  0  0  0  1  X  2  2  2     31
18      getBestAlgorithmCascadeMove8  2  2  2  2  2  2  2  2  2  2  2  2  0  0  0  0  0  X  2  2     28
19     getBestAlgorithmCascadeMove10  2  2  2  2  2  2  2  2  2  2  2  2  0  0  0  0  0  0  X  2     26
20     getBestAlgorithmCascadeMove13  2  2  0  0  0  0  2  2  2  2  2  2  0  0  0  0  0  0  0  X     16
-----------------------------------------------------------------------
                                      1  2  3  4  5  6  7  8  9 10 11 12 13 14 15 16 17 18 19 20  total
14      getBestAlgorithmCascadeMove2  2  2  2  2  2  2  2  2  2  2  2  2  2  X  2  2  2  2  2  2     38
13       getBestAlgorithmCascadeMove  2  2  2  2  2  2  2  2  2  2  2  2  X  0  2  2  2  2  2  2     36
15      getBestAlgorithmCascadeMove3  2  2  2  2  2  2  2  2  2  2  2  2  0  0  X  2  2  2  2  2     34
17      getBestAlgorithmCascadeMove5  2  2  2  2  2  2  2  2  2  2  2  2  0  0  0  1  X  2  2  2     31
16      getBestAlgorithmCascadeMove4  2  2  2  2  2  2  2  2  2  2  2  2  0  0  0  X  1  2  2  2     31
18      getBestAlgorithmCascadeMove8  2  2  2  2  2  2  2  2  2  2  2  2  0  0  0  0  0  X  2  2     28
19     getBestAlgorithmCascadeMove10  2  2  2  2  2  2  2  2  2  2  2  2  0  0  0  0  0  0  X  2     26
3          getGreedyMoveFunction(13)  2  2  X  2  2  2  2  2  2  2  2  2  0  0  0  0  0  0  0  2     24
6          getGreedyMoveFunction(11)  2  2  0  2  2  X  2  2  2  2  2  2  0  0  0  0  0  0  0  2     22
5          getGreedyMoveFunction(12)  2  2  0  2  X  0  2  2  2  2  2  2  0  0  0  0  0  0  0  2     20
4   getGreedyCorrectMoveFunction(10)  2  2  0  X  0  0  2  1  2  2  2  2  0  0  0  0  0  0  0  2     17
20     getBestAlgorithmCascadeMove13  2  2  0  0  0  0  2  2  2  2  2  2  0  0  0  0  0  0  0  X     16
8           getGreedyMoveFunction(9)  2  2  0  1  0  0  2  X  2  2  2  2  0  0  0  0  0  0  0  0     15
2          getGreedyMoveFunction(10)  2  X  0  0  0  0  2  0  2  2  2  2  0  0  0  0  0  0  0  0     12
11   getGreedyCorrectMoveFunction(7)  0  0  0  0  0  0  2  0  2  2  X  2  0  0  0  0  0  0  0  0      8
9           getGreedyMoveFunction(7)  0  0  0  0  0  0  2  0  X  2  0  2  0  0  0  0  0  0  0  0      6
7           getGreedyMoveFunction(8)  2  0  0  0  0  0  X  0  0  2  0  2  0  0  0  0  0  0  0  0      6
1            getGreedyFullVisionMove  X  0  0  0  0  0  0  0  2  2  2  0  0  0  0  0  0  0  0  0      6
12   getGreedyCorrectMoveFunction(6)  2  0  0  0  0  0  0  0  0  1  0  X  0  0  0  0  0  0  0  0      3
10          getGreedyMoveFunction(6)  0  0  0  0  0  0  0  0  0  X  0  1  0  0  0  0  0  0  0  0      1

=======================================================================

                                        1    2    3    4    5    6    7    8    9   10   11   12   13  14   15   16   17   18   19   20  total
1            getGreedyFullVisionMove    X   75   68   75   71   65   85   76  102  106  102   95   63  64   69   68   60   54   58   72   1428
2          getGreedyMoveFunction(10)  125    X   83   96   96   98  112   90  131  140  135  139   68  61   59   63   61   68   89   93   1807
3          getGreedyMoveFunction(13)  132  117    X  103  107  110  114  116  131  133  127  132   77  84   90   93   92   92   89  107   2046
4   getGreedyCorrectMoveFunction(10)  125  104   97    X   91   94  104  100  114  136  109  135   75  68   79   84   83   77   88  104   1867
5          getGreedyMoveFunction(12)  129  104   93  109    X   93  123  120  125  126  130  131   67  75   75   76   76   81   91  110   1934
6          getGreedyMoveFunction(11)  135  102   90  106  107    X  125  115  124  142  123  135   59  66   76   74   74   76   97  105   1931
7           getGreedyMoveFunction(8)  115   88   86   96   77   75    X   83   92  109   92  107   56  48   66   65   63   73   77   93   1561
8           getGreedyMoveFunction(9)  124  110   84  100   80   85  117    X  101  129  113  134   62  54   64   76   77   84   88   95   1777
9           getGreedyMoveFunction(7)   98   69   69   86   75   76  108   99    X  110   92  118   54  55   62   59   50   74   69   95   1518
10          getGreedyMoveFunction(6)   94   60   67   64   74   58   91   71   90    X   95  100   52  58   60   58   57   58   68   82   1357
11   getGreedyCorrectMoveFunction(7)   98   65   73   91   70   77  108   87  108  105    X  112   55  58   60   59   50   66   71   86   1499
12   getGreedyCorrectMoveFunction(6)  105   61   68   65   69   65   93   66   82  100   88    X   53  54   50   59   56   57   70   71   1332
13       getBestAlgorithmCascadeMove  137  132  123  125  133  141  144  138  146  148  145  147    X  98  105  101  109  113  102  119   2406
14      getBestAlgorithmCascadeMove2  136  139  116  132  125  134  152  146  145  142  142  146  102   X  108  105  110  116  113  125   2434
15      getBestAlgorithmCascadeMove3  131  141  110  121  125  124  134  136  138  140  140  150   95  92    X  108  104  106  113  134   2342
16      getBestAlgorithmCascadeMove4  132  137  107  116  124  126  135  124  141  142  141  141   99  95   92    X  100  102  107  123   2284
17      getBestAlgorithmCascadeMove5  140  139  108  117  124  126  137  123  150  143  150  144   91  90   96  100    X  102  112  131   2323
18      getBestAlgorithmCascadeMove8  146  132  108  123  119  124  127  116  126  142  134  143   87  84   94   98   98    X  108  127   2236
19     getBestAlgorithmCascadeMove10  142  111  111  112  109  103  123  112  131  132  129  130   98  87   87   93   88   92    X  116   2106
20     getBestAlgorithmCascadeMove13  128  107   93   96   90   95  107  105  105  118  114  129   81  75   66   77   69   73   84    X   1812
-----------------------------------------------------------------------
                                        1    2    3    4    5    6    7    8    9   10   11   12   13  14   15   16   17   18   19   20  total
14      getBestAlgorithmCascadeMove2  136  139  116  132  125  134  152  146  145  142  142  146  102   X  108  105  110  116  113  125   2434
13       getBestAlgorithmCascadeMove  137  132  123  125  133  141  144  138  146  148  145  147    X  98  105  101  109  113  102  119   2406
15      getBestAlgorithmCascadeMove3  131  141  110  121  125  124  134  136  138  140  140  150   95  92    X  108  104  106  113  134   2342
17      getBestAlgorithmCascadeMove5  140  139  108  117  124  126  137  123  150  143  150  144   91  90   96  100    X  102  112  131   2323
16      getBestAlgorithmCascadeMove4  132  137  107  116  124  126  135  124  141  142  141  141   99  95   92    X  100  102  107  123   2284
18      getBestAlgorithmCascadeMove8  146  132  108  123  119  124  127  116  126  142  134  143   87  84   94   98   98    X  108  127   2236
19     getBestAlgorithmCascadeMove10  142  111  111  112  109  103  123  112  131  132  129  130   98  87   87   93   88   92    X  116   2106
3          getGreedyMoveFunction(13)  132  117    X  103  107  110  114  116  131  133  127  132   77  84   90   93   92   92   89  107   2046
5          getGreedyMoveFunction(12)  129  104   93  109    X   93  123  120  125  126  130  131   67  75   75   76   76   81   91  110   1934
7           getGreedyMoveFunction(8)  103942.0  101458.0  102637.0  101195.0  101793.0  ...  100331.0  100287.0  101347.0  101964.0  102854.0  1936866.0
8           getGreedyMoveFunction(9)  105354.0  103097.0  102941.0  102953.0  102307.0  ...  100124.0  101196.0  101418.0  102438.0  103044.0  1956728.0
9           getGreedyMoveFunction(7)  104184.0  100407.0  100685.0  100677.0  101561.0  ...  100566.0   99646.0  101967.0  102242.0  102922.0  1931259.0
10          getGreedyMoveFunction(6)  103255.0   97341.0   97743.0   98384.0   98108.0  ...   98908.0   98799.0   99424.0  100115.0  101920.0  1888096.0
11   getGreedyCorrectMoveFunction(7)  104290.0  100542.0  100411.0  101710.0  101219.0  ...  100183.0   99693.0  101733.0  102222.0  102373.0  1927855.0
12   getGreedyCorrectMoveFunction(6)  103354.0   96870.0   98586.0   98338.0   97885.0  ...   98523.0   98575.0   99458.0  100003.0  101135.0  1883105.0
13       getBestAlgorithmCascadeMove   87710.0  110311.0  105974.0   99182.0  105193.0  ...   86074.0   86389.0   87184.0   85534.0   87511.0  1880133.0
14      getBestAlgorithmCascadeMove2   86120.0  109596.0  105174.0   98621.0  105162.0  ...   86425.0   85887.0   86602.0   85636.0   87517.0  1878417.0
15      getBestAlgorithmCascadeMove3   84446.0  110640.0  103554.0   96837.0  105358.0  ...   85030.0   86389.0   86428.0   86540.0   86312.0  1868599.0
16      getBestAlgorithmCascadeMove4   84279.0  109075.0  103968.0   97398.0  105839.0  ...         X   86685.0   86430.0   86892.0   85681.0  1871232.0
17      getBestAlgorithmCascadeMove5   85721.0  109271.0  103448.0   96091.0  106011.0  ...   86060.0         X   85422.0   86179.0   86481.0  1868529.0
18      getBestAlgorithmCascadeMove8   86618.0  108497.0  103499.0   96179.0  105311.0  ...   84856.0   83505.0         X   83910.0   85393.0  1847954.0
19     getBestAlgorithmCascadeMove10   84793.0  106326.0  102210.0   93627.0  104373.0  ...   84469.0   83239.0   83140.0         X   84521.0  1829873.0
20     getBestAlgorithmCascadeMove13   80917.0  104774.0  100186.0   93657.0  102273.0  ...   81706.0   82726.0   83250.0   83409.0         X  1797027.0

[20 rows x 22 columns]
-----------------------------------------------------------------------
                                             1         2         3         4         5  ...        16        17        18        19        20      total
6          getGreedyMoveFunction(11)  108163.0  104818.0  103846.0  104737.0  103913.0  ...  101554.0  101639.0  102121.0  103545.0  105307.0  1992893.0
3          getGreedyMoveFunction(13)  102852.0  105732.0         X  102953.0  103269.0  ...  103406.0  102952.0  102274.0  101219.0  102050.0  1986556.0
5          getGreedyMoveFunction(12)  106247.0  104509.0  103222.0  104121.0         X  ...  101179.0  100980.0  101596.0  102208.0  103953.0  1980552.0
2          getGreedyMoveFunction(10)  107451.0         X  102711.0  103007.0  103619.0  ...   99893.0  100351.0  100806.0  102676.0  103569.0  1971473.0
8           getGreedyMoveFunction(9)  105354.0  103097.0  102941.0  102953.0  102307.0  ...  100124.0  101196.0  101418.0  102438.0  103044.0  1956728.0
7           getGreedyMoveFunction(8)  103942.0  101458.0  102637.0  101195.0  101793.0  ...  100331.0  100287.0  101347.0  101964.0  102854.0  1936866.0
9           getGreedyMoveFunction(7)  104184.0  100407.0  100685.0  100677.0  101561.0  ...  100566.0   99646.0  101967.0  102242.0  102922.0  1931259.0
11   getGreedyCorrectMoveFunction(7)  104290.0  100542.0  100411.0  101710.0  101219.0  ...  100183.0   99693.0  101733.0  102222.0  102373.0  1927855.0
10          getGreedyMoveFunction(6)  103255.0   97341.0   97743.0   98384.0   98108.0  ...   98908.0   98799.0   99424.0  100115.0  101920.0  1888096.0
12   getGreedyCorrectMoveFunction(6)  103354.0   96870.0   98586.0   98338.0   97885.0  ...   98523.0   98575.0   99458.0  100003.0  101135.0  1883105.0
13       getBestAlgorithmCascadeMove   87710.0  110311.0  105974.0   99182.0  105193.0  ...   86074.0   86389.0   87184.0   85534.0   87511.0  1880133.0
14      getBestAlgorithmCascadeMove2   86120.0  109596.0  105174.0   98621.0  105162.0  ...   86425.0   85887.0   86602.0   85636.0   87517.0  1878417.0
4   getGreedyCorrectMoveFunction(10)   89272.0  103056.0  101564.0         X  101550.0  ...   91986.0   90755.0   90280.0   91010.0   93653.0  1873225.0
16      getBestAlgorithmCascadeMove4   84279.0  109075.0  103968.0   97398.0  105839.0  ...         X   86685.0   86430.0   86892.0   85681.0  1871232.0
15      getBestAlgorithmCascadeMove3   84446.0  110640.0  103554.0   96837.0  105358.0  ...   85030.0   86389.0   86428.0   86540.0   86312.0  1868599.0
17      getBestAlgorithmCascadeMove5   85721.0  109271.0  103448.0   96091.0  106011.0  ...   86060.0         X   85422.0   86179.0   86481.0  1868529.0
18      getBestAlgorithmCascadeMove8   86618.0  108497.0  103499.0   96179.0  105311.0  ...   84856.0   83505.0         X   83910.0   85393.0  1847954.0
19     getBestAlgorithmCascadeMove10   84793.0  106326.0  102210.0   93627.0  104373.0  ...   84469.0   83239.0   83140.0         X   84521.0  1829873.0
20     getBestAlgorithmCascadeMove13   80917.0  104774.0  100186.0   93657.0  102273.0  ...   81706.0   82726.0   83250.0   83409.0         X  1797027.0
1            getGreedyFullVisionMove         X  100009.0   95682.0   85162.0   98244.0  ...   77523.0   78393.0   78883.0   77724.0   76418.0  1719570.0

[20 rows x 22 columns]